3.27
0.65
0.56
4.53
1.37
5.08
1.85
2.18
1.51
3.60
0.91
0.53
3.57
1.54
5.44
0.24
0.92
1.05
2.13
0.44
4.85
5.58
1.77
0.37
5.72
1.80
4.03
1.74
4.08
0.38
0.97
0.52
0.65
0.66
2.35
4.79
4.65
2.93
0.38
0.32
0.97
5.64
0.39
1.95
3.94
0.31
5.06
0.23
0.99
4.57
2.95
5.54
2.09
1.58
0.93
5.80
5.32
0.83
1.46
4.92
1.03
1.53
0.52
3.31
4.38
4.52
1.63
4.59
0.99
2.85
0.22
4.91
4.62
5.66
2.80
1.23
1.26
0.73
1.26
2.52
1.63
0.36
1.48
0.93
1.41
3.13
0.53
4.95
1.36
3.24
0.53
1.09
0.61
0.81
6.29
0.55
1.47
1.65
4.34
0.69
3.64
0.55
5.60
5.26
5.89
1.81
1.48
6.25
0.38
2.52
1.68
0.92
1.02
0.83
0.52
0.63
1.25
1.46
1.54
2.64
3.80
0.98
2.45
1.94
1.74
0.43
0.59
1.06
0.43
1.38
0.42
5.11
1.12
5.63
0.62
4.94
5.10
3.65
5.23
2.65
4.23
1.94
1.27
1.54
0.32
2.43
0.58
5.71
5.65
1.42
0.89
0.89
0.89
0.66
0.99
1.38
0.41
2.57
3.01
0.19
0.77
0.56
1.45
1.88
5.15
1.23
0.90
0.40
3.53
6.59
1.87
0.27
5.27
5.01
2.18
0.66
4.78
0.48
0.53
1.70
0.56
0.50
0.60
2.22
0.61
0.52
0.61
0.57
5.66
0.14
2.76
0.11
1.36
0.29
1.65
1.23
6.78
3.55
5.19
0.58
1.44
0.57
5.76
0.39
1.44
1.93
0.20
1.08
0.61
2.08
4.89
5.48
3.38
0.46
0.85
0.65
4.91
1.56
0.47
0.65
0.53
1.50
0.47
1.30
1.28
1.03
4.18
5.07
0.34
4.23
1.84
1.00
0.85
1.22
5.42
6.04
0.84
0.97
5.19
3.17
6.18
0.52
0.26
1.78
0.68
0.87
6.57
1.28
3.86
3.97
5.69
4.40
1.31
4.63
1.16
2.68
4.30
4.43
4.36
3.50
3.58
6.58
1.97
2.37
0.45
0.48
0.75
1.23
6.27
4.34
0.43
1.09
0.56
0.65
2.42
1.32
3.78
2.37
5.47
1.65
0.53
1.93
0.35
0.79
1.37
4.17
0.65
3.56
0.78
1.28
0.35
2.17
4.75
1.92
2.07
0.42
0.45
0.67
6.07
6.54
3.94
4.91
1.64
0.62
1.98
1.58
0.43
1.95
0.40
6.01
5.35
5.70
3.84
2.11
0.68
0.61
5.38
0.66
1.89
2.41
0.79
1.33
3.94
0.94
1.91
2.67
5.05
5.47
0.69
5.02
0.26
3.86
2.85
0.27
2.12
1.98
1.08
2.38
1.62
1.41
0.45
0.58
1.58
0.44
0.41
0.80
2.46
3.08
5.87
0.70
0.98
0.42
2.97
0.46
3.66
1.20
1.10
0.29
2.23
5.11
5.58
5.94
4.76
1.11
3.76
2.09
6.11
2.39
1.97
3.06
0.39
0.83
2.13
0.48
4.00
5.12
4.50
4.40
0.95
3.66
1.52
5.36
0.41
1.55
0.22
1.65
3.95
3.81
1.18
0.47
0.64
3.46
2.98
2.49
4.69
4.27
3.44
6.59
2.64
1.76
1.38
0.62
5.83
4.91
0.45
0.76
4.50
0.74
3.98
1.25
1.46
0.65
4.59
1.62
3.85
1.98
5.19
1.11
1.91
0.43
3.63
0.59
0.24
0.86
0.45
0.77
5.13
0.61
5.82
5.99
1.94
3.14
4.81
0.76
1.86
2.07
4.39
5.02
0.99
0.38
4.41
1.14
0.48
0.90
4.54
0.91
3.57
1.64
1.22
0.59
1.53
3.81
2.18
0.59
0.62
3.92
2.74
0.59
1.34
0.48
2.42
1.13
1.08
2.38
0.68
0.60
3.85
0.47
3.42
5.96
5.03
5.89
3.71
0.51
3.72
5.03
0.69
5.07
3.88
6.12
1.20
4.19
6.29
4.93
0.51
5.13
0.13
0.79
4.60
5.25
3.00
1.07
0.43
3.73
3.87
1.60
0.71
0.90
3.23
1.23
5.63
0.87
5.49
0.25
5.23
3.94
0.46
3.08
1.82
1.99
4.99
0.91
0.44
0.74
0.69
1.37
0.37
3.59
0.34
4.84
2.83
4.94
4.42
2.74
0.84
2.74
1.71
0.50
0.42
0.37
1.39
4.67
5.48
5.51
0.54
3.10
0.54
1.33
0.39
0.18
0.71
0.58
0.71
5.73
0.74
2.60
0.50
3.21
1.38
3.78
4.95
0.73
0.51
5.89
0.60
0.54
0.46
4.36
1.72
0.54
1.97
4.09
4.58
1.09
0.29
0.61
0.67
0.95
0.39
1.98
0.25
5.89
4.12
1.77
0.85
0.35
5.59
3.46
6.22
3.57
3.76
1.57
4.27
0.75
6.14
2.58
5.80
2.40
1.27
1.90
6.09
1.66
2.72
0.80
0.58
3.06
0.80
1.69
3.48
5.87
0.36
1.06
1.92
5.54
1.84
1.67
2.91
1.62
2.66
4.05
6.82
2.94
0.63
0.75
0.59
4.10
5.39
1.62
0.55
4.13
3.86
0.54
1.32
2.19
4.72
1.16
1.16
1.60
2.74
0.63
0.21
0.81
0.20
4.27
5.15
3.34
0.29
0.66
2.11
6.02
5.04
1.69
0.86
0.84
2.87
0.83
2.79
4.80
5.79
2.66
0.27
4.74
0.70
0.56
1.52
4.88
0.60
0.88
0.72
2.51
4.28
3.15
3.18
1.08
1.25
6.09
1.57
1.78
5.31
1.62
3.78
4.29
0.50
2.29
0.24
2.40
0.64
4.75
4.40
1.11
1.44
0.56
4.14
5.07
0.44
0.55
2.43
6.43
2.21
0.65
0.63
0.31
0.48
0.75
0.41
0.61
1.24
0.68
4.79
0.81
0.42
1.20
0.49
6.39
0.62
4.99
2.78
4.40
0.39
0.93
4.37
3.17
5.83
1.41
4.32
2.56
1.61
1.44
5.78
5.53
1.93
0.34
3.69
0.32
