1.73
3.57
3.64
3.13
2.16
2.62
4.00
1.57
4.15
6.81
5.08
5.20
1.66
2.35
6.53
5.83
5.10
3.08
2.46
4.38
4.28
4.75
1.34
3.39
6.31
1.22
5.23
6.28
6.04
5.91
6.50
5.64
6.39
5.88
5.13
4.08
1.16
4.53
5.29
1.67
3.76
6.22
5.97
2.43
5.11
1.78
2.26
2.04
2.81
2.09
2.02
1.94
3.65
6.54
6.09
6.21
6.89
5.66
5.20
5.31
4.36
4.37
6.36
5.99
1.75
6.24
5.67
6.23
6.37
4.15
5.00
4.96
4.99
4.58
5.54
5.44
6.79
5.62
6.54
2.39
4.43
4.43
6.07
3.37
6.56
5.78
2.04
6.37
6.19
5.45
6.26
1.88
2.97
2.86
3.72
1.61
4.20
4.26
6.01
6.54
4.82
4.73
3.56
6.12
5.32
5.97
2.05
6.56
5.66
3.93
3.05
2.97
6.74
5.71
5.46
5.37
2.78
6.66
2.84
6.23
5.24
5.31
2.95
3.00
4.43
1.80
3.33
1.67
3.28
2.18
2.75
6.31
5.99
6.79
5.75
5.73
2.95
5.71
2.42
2.88
2.14
4.70
5.43
5.84
6.92
6.69
5.95
5.08
3.04
3.54
5.03
4.42
2.42
5.56
6.53
6.36
5.93
4.49
4.28
4.34
6.52
5.73
3.76
3.73
2.61
3.03
5.36
5.34
5.22
5.30
3.34
1.70
5.92
5.90
4.72
4.74
6.24
3.88
2.91
3.22
5.71
5.76
2.41
4.45
4.47
3.54
1.63
4.19
6.86
5.66
4.62
4.63
3.38
1.67
6.26
6.02
5.07
5.35
6.01
6.48
1.66
3.59
6.33
6.60
2.72
2.13
5.31
3.02
4.85
2.36
2.28
5.84
5.71
1.64
3.45
1.51
6.31
5.94
5.54
5.44
3.41
3.44
4.14
4.21
6.11
5.91
6.16
3.70
3.47
5.77
5.61
2.24
2.84
4.10
3.27
1.76
4.47
4.51
4.25
2.20
2.63
6.48
5.78
1.66
0.15
5.44
2.65
5.40
1.67
5.89
3.57
6.67
5.70
6.22
6.85
2.74
2.51
5.69
5.74
5.21
5.76
4.55
4.50
4.43
4.49
2.09
2.91
1.87
4.53
3.27
3.43
3.44
3.25
1.76
4.01
4.01
3.28
1.69
3.04
3.91
4.46
6.91
4.42
4.65
2.29
6.11
5.55
2.77
4.70
3.47
3.48
4.65
3.48
4.80
3.96
3.91
5.23
5.68
3.75
1.78
2.00
3.38
5.22
3.92
4.12
2.94
5.23
5.79
6.61
6.10
1.24
3.43
1.72
4.43
4.42
6.83
5.66
4.78
3.43
6.34
5.83
6.60
5.68
2.43
4.08
4.07
5.81
6.48
6.36
6.39
6.26
5.55
6.50
4.02
2.25
2.55
6.81
5.77
1.65
6.66
5.68
2.17
4.82
2.05
5.24
5.33
5.65
6.49
6.45
4.92
5.03
5.72
6.79
4.75
5.07
1.96
4.13
1.71
4.91
2.14
6.07
6.29
5.85
4.04
2.09
6.42
6.10
3.06
1.88
3.18
1.96
5.20
5.86
6.42
3.90
2.74
1.86
2.68
3.18
1.91
2.56
4.07
3.89
5.02
3.51
5.97
5.65
4.04
3.96
5.08
6.37
1.92
4.58
5.72
6.89
6.60
5.78
6.24
5.99
1.71
1.86
4.56
4.49
4.02
2.72
1.75
3.27
5.46
1.96
2.85
1.06
5.28
2.50
3.86
2.18
6.28
6.47
0.99
4.92
1.45
1.33
6.22
5.66
4.30
0.05
3.41
3.50
3.79
3.65
3.78
3.79
2.66
3.27
2.28
2.84
1.72
4.36
1.67
3.77
2.72
6.34
5.91
4.24
6.62
5.40
2.52
3.88
5.38
5.39
3.80
5.10
4.43
5.63
6.77
5.90
4.40
5.22
4.04
4.18
5.13
6.58
2.51
2.96
5.33
5.34
6.10
6.53
3.52
3.46
1.73
3.76
6.27
2.98
1.72
3.42
1.95
4.45
4.58
4.57
4.64
5.84
4.45
6.28
6.08
4.18
5.50
5.43
2.23
2.37
4.68
6.31
5.79
1.92
4.70
1.60
4.47
6.29
2.73
6.40
5.83
6.82
5.73
4.07
1.51
4.87
6.63
6.46
5.39
3.48
6.63
5.74
3.45
1.67
2.91
1.42
5.33
5.67
3.00
2.48
2.44
2.96
4.84
4.33
6.17
6.72
4.66
5.70
4.64
6.05
5.86
6.35
2.85
5.61
5.83
6.48
3.95
6.81
5.66
1.67
4.10
1.69
6.45
1.11
6.47
4.62
2.60
2.15
6.36
2.94
3.71
5.09
5.28
5.14
6.53
1.43
4.73
5.77
5.00
6.59
2.39
2.45
1.62
5.53
5.82
5.83
2.98
4.67
4.91
6.06
3.31
2.24
2.07
2.16
2.75
6.80
5.90
2.03
2.90
4.36
4.51
2.09
6.82
5.75
5.50
5.50
3.22
3.40
6.63
6.51
3.78
6.33
5.97
5.79
6.02
2.80
2.52
6.96
1.74
2.17
3.55
2.20
5.40
5.51
1.61
6.17
2.43
5.35
6.00
2.19
4.53
2.26
2.75
3.65
3.55
5.18
6.58
0.57
2.05
1.68
6.13
6.85
5.68
3.46
5.51
6.37
3.95
4.01
3.69
1.86
5.21
4.56
4.37
3.24
2.06
5.87
6.82
6.03
5.81
6.25
4.67
4.65
4.70
4.73
4.67
2.27
4.65
5.46
6.32
6.59
6.65
3.36
4.03
4.06
2.87
5.55
5.69
5.82
3.19
1.81
1.75
3.14
2.30
1.71
4.93
6.30
6.46
6.39
6.39
5.84
5.32
6.11
1.68
3.87
2.46
5.64
5.86
1.80
4.49
2.27
6.52
1.49
3.33
2.25
4.06
4.01
4.18
4.07
6.80
6.34
0.68
3.70
1.78
1.94
2.77
6.46
2.04
4.24
1.60
3.57
4.99
6.56
6.28
2.61
4.74
4.79
1.77
4.59
6.78
5.77
2.19
1.73
3.89
5.98
5.38
4.75
3.71
3.81
3.34
3.20
