4.04
2.98
3.78
2.47
0.89
4.66
4.50
1.59
1.31
4.27
5.11
3.19
5.75
2.51
3.34
1.31
2.98
1.90
4.01
1.62
2.06
3.94
3.06
3.04
4.32
1.84
1.96
3.05
4.10
1.02
4.43
0.80
4.10
2.75
1.45
0.86
2.22
3.64
5.24
2.68
0.89
2.63
5.63
3.69
3.69
3.95
4.17
1.97
3.00
5.12
4.04
1.54
2.65
1.85
1.91
2.34
3.43
3.10
2.36
2.91
1.23
2.62
1.09
2.52
4.24
3.27
2.53
5.69
2.70
3.32
1.61
2.04
3.06
3.34
2.66
2.39
1.81
2.05
2.04
1.18
5.96
0.12
0.17
2.12
3.89
1.58
0.54
2.83
1.93
5.16
3.03
3.13
5.60
6.02
3.60
1.46
3.64
3.69
4.41
3.62
3.86
2.64
0.11
0.09
5.77
2.99
2.73
2.44
1.56
0.66
3.35
2.40
2.66
3.15
2.24
3.73
1.83
4.83
4.89
2.20
1.13
1.60
1.24
0.28
5.42
2.06
6.25
3.49
4.68
1.10
1.90
3.08
1.45
2.89
1.27
1.04
2.38
1.85
4.80
1.34
3.63
4.40
6.20
4.95
1.73
2.80
0.13
3.75
1.05
6.01
2.98
2.47
2.27
2.49
3.64
1.86
1.72
0.93
3.14
3.65
1.22
4.66
3.18
3.14
2.92
2.65
4.15
3.11
4.06
3.27
1.03
3.80
3.78
0.39
1.48
5.01
5.50
2.44
5.03
4.17
5.82
1.81
1.92
2.49
0.63
1.20
0.06
2.64
2.54
3.99
4.71
2.41
1.18
6.30
3.14
1.19
3.75
3.09
4.17
3.13
6.12
3.27
4.07
4.08
1.04
0.65
1.55
5.55
3.15
2.75
4.40
0.32
2.50
1.57
4.69
2.17
4.39
4.89
3.59
1.76
1.28
4.84
2.79
4.35
1.81
1.62
2.43
3.22
4.63
5.27
6.52
3.79
3.30
0.91
1.34
6.29
6.18
2.02
3.74
5.52
0.97
2.83
2.84
5.31
3.49
2.47
2.59
0.81
2.77
4.62
1.52
2.45
3.08
1.20
2.31
2.86
3.04
2.04
0.90
2.63
1.90
6.47
4.42
5.76
1.92
4.25
4.95
2.23
3.83
3.94
1.84
3.63
2.36
2.39
4.51
0.36
4.89
4.60
5.93
6.05
3.42
3.78
2.25
3.91
3.43
3.84
6.39
1.32
3.50
4.73
5.03
4.92
0.71
6.40
1.99
4.00
4.63
2.60
3.88
2.12
0.99
3.32
1.49
2.77
0.88
2.97
1.35
1.93
3.81
4.31
2.85
6.71
4.57
2.81
1.36
2.19
6.41
2.81
3.26
2.74
6.28
2.67
2.65
2.22
5.00
0.82
2.12
0.37
1.55
3.46
1.19
3.52
1.11
3.89
0.91
3.27
5.26
2.55
3.30
1.94
1.57
5.81
2.81
1.45
1.25
3.99
3.79
5.00
5.07
0.80
1.24
5.91
2.92
0.70
6.33
0.94
4.93
2.90
0.81
1.17
3.39
2.78
1.15
2.58
3.35
3.37
3.71
3.71
0.80
2.33
2.46
2.44
0.54
4.43
3.76
4.27
3.27
3.32
1.26
1.23
4.93
1.96
1.07
5.16
3.67
1.39
5.28
1.91
2.04
1.49
2.09
6.04
4.47
1.62
3.89
1.71
6.35
0.62
0.81
2.55
4.79
4.19
4.06
1.71
1.61
5.72
2.97
3.76
2.22
3.01
2.29
1.09
1.83
3.96
3.63
5.05
5.58
2.98
3.21
4.71
2.62
3.43
5.31
3.13
2.14
2.62
1.98
2.60
3.75
0.09
3.05
5.70
0.39
0.68
3.35
3.58
2.41
0.75
2.23
2.13
0.96
2.92
3.30
6.78
6.67
3.35
2.69
0.67
1.39
1.74
6.64
1.96
1.27
5.01
2.26
3.86
4.04
1.93
1.27
5.69
0.12
6.15
2.05
2.17
2.05
1.03
2.42
2.95
0.73
3.24
6.32
5.88
3.14
3.17
3.66
3.75
2.33
3.29
3.17
2.76
1.76
2.25
2.28
4.51
6.62
2.51
3.18
2.37
4.21
4.91
3.63
1.24
4.58
3.30
4.28
2.76
0.64
2.28
1.45
5.54
2.67
0.81
2.15
2.23
2.55
2.57
6.36
3.06
0.64
5.33
3.04
2.64
1.19
4.62
3.18
3.10
2.96
3.41
1.39
4.53
0.79
2.26
6.60
3.20
3.90
2.60
6.23
3.50
3.37
3.16
2.81
6.12
1.15
4.97
4.63
1.69
2.71
3.72
2.76
1.52
1.10
2.47
6.40
2.50
1.83
0.95
4.00
2.31
2.74
3.03
1.30
3.45
2.56
0.52
1.73
0.86
2.42
3.50
1.00
1.70
1.15
3.13
1.16
3.84
3.78
3.05
1.34
3.38
0.80
3.28
1.57
4.43
3.75
5.41
0.81
3.29
2.56
1.54
5.97
2.12
4.47
1.66
0.64
5.56
2.11
3.51
3.82
2.39
6.08
6.21
4.23
0.86
1.84
0.67
1.03
4.34
3.48
4.10
2.52
1.94
3.56
6.60
3.50
3.51
2.73
3.36
2.00
5.05
3.49
3.04
2.06
3.74
0.84
6.25
3.38
4.89
3.58
6.50
2.18
4.73
4.69
0.81
2.61
1.68
2.23
0.48
3.95
2.41
3.52
3.98
3.03
3.87
4.34
6.45
2.68
0.56
3.49
4.90
1.03
1.41
2.88
1.87
0.86
0.81
0.63
6.44
1.02
2.44
1.95
4.20
1.20
3.95
3.42
3.10
3.56
2.17
1.99
1.02
2.59
3.46
2.22
1.97
6.61
3.77
3.63
2.96
3.78
2.93
1.36
5.00
0.18
6.04
0.22
3.20
2.99
3.78
4.57
2.09
3.18
5.62
3.27
3.39
2.22
4.76
3.41
3.62
4.87
2.07
1.42
4.17
2.89
3.20
1.30
4.46
2.20
6.19
2.17
3.65
3.61
3.62
2.40
2.43
1.84
3.73
1.74
1.68
3.90
3.47
3.45
0.86
0.95
3.41
3.27
1.37
3.25
1.81
2.96
4.46
1.38
0.94
4.97
3.63
3.24
2.39
4.96
3.51
0.27
5.79
3.91
1.51
4.19
5.38
2.55
2.90
2.68
4.42
1.68
2.07
4.46
1.70
4.27
1.87
1.68
2.88
4.39
0.67
3.82
5.18
0.61
6.35
2.27
0.98
6.16
1.82
2.34
3.37
3.12
2.02
2.90
5.29
2.53
1.40
0.49
2.06
2.16
3.39
2.68
1.04
4.57
2.67
2.03
3.67
1.38
1.05
1.58
2.19
4.02
5.37
4.92
1.00
2.50
3.32
1.07
3.78
3.13
3.08
5.20
3.91
3.47
1.55
2.45
3.27
1.59
4.02
3.67
4.25
4.74
0.53
1.53
3.22
2.28
3.65
2.26
3.35
1.44
1.60
5.44
2.52
2.30
2.42
1.95
2.05
4.92
2.87
3.00
3.71
2.92
3.60
2.93
0.31
6.30
2.86
6.10
3.22
4.10
1.25
3.65
6.32
2.21
1.84
3.74
4.11
2.00
2.80
4.95
2.55
1.43
2.49
5.33
0.40
4.24
4.12
3.70
2.28
0.72
0.51
3.63
2.81
