4.34
0.73
1.75
1.04
3.65
2.69
3.02
1.81
1.34
3.10
0.64
4.16
2.98
3.92
4.72
0.66
2.02
0.92
0.87
3.19
0.77
0.93
2.37
0.74
2.45
1.24
2.51
2.80
0.49
1.83
4.56
1.65
1.45
0.86
3.42
3.22
1.72
3.47
2.79
0.54
2.71
2.23
3.52
3.69
1.16
2.02
0.65
1.71
0.98
2.60
3.29
0.65
2.49
3.32
4.74
1.80
0.89
1.31
0.91
1.80
3.97
2.49
3.35
0.30
3.15
0.81
1.29
2.99
2.35
1.99
1.65
0.96
3.25
0.96
1.22
1.00
1.04
0.94
1.20
0.86
3.76
3.14
4.00
1.82
3.70
1.24
0.78
1.25
0.88
3.74
1.57
2.19
1.83
4.82
1.28
0.51
2.19
0.90
2.10
1.52
1.23
1.92
0.77
1.05
3.43
2.42
1.78
2.17
0.77
1.21
1.74
1.04
0.78
0.92
1.81
0.69
1.32
1.93
1.21
0.15
1.69
0.57
1.02
1.31
1.60
0.63
1.73
1.08
2.34
2.02
0.72
1.24
1.20
0.73
2.35
0.89
0.96
2.57
0.92
0.93
1.20
0.78
1.10
2.89
0.68
0.51
1.54
0.50
1.67
1.03
1.16
0.43
1.44
3.68
3.90
1.92
1.54
1.16
1.05
3.44
1.17
2.72
2.12
0.79
2.50
0.99
1.68
0.55
2.51
0.82
0.89
3.02
1.22
3.16
1.26
0.35
0.92
4.23
1.10
3.72
2.21
1.43
1.94
2.29
1.48
0.63
1.18
1.49
1.28
3.44
1.00
0.93
1.06
0.82
1.22
1.08
1.22
2.12
0.15
1.44
2.17
1.62
4.59
0.59
2.25
0.45
1.36
2.69
1.01
4.51
1.67
2.45
3.66
2.09
1.14
0.72
0.89
1.00
1.83
2.46
1.97
0.76
1.69
3.49
3.60
0.84
2.21
1.17
2.34
3.79
4.27
1.51
2.78
3.69
3.38
0.73
2.47
0.32
4.22
0.72
1.14
2.85
2.99
2.49
0.78
1.43
1.37
3.06
2.52
1.39
1.18
1.89
1.56
1.58
3.91
3.03
0.76
1.52
1.13
2.91
1.37
1.81
0.83
4.59
2.30
3.77
1.66
1.42
0.80
0.60
1.26
0.89
1.15
1.79
1.39
0.95
2.40
0.78
1.97
2.33
2.48
4.07
2.04
1.41
0.74
1.14
0.72
1.16
5.30
1.66
2.94
1.28
3.19
4.00
0.51
1.17
1.25
4.05
1.27
0.70
3.17
1.15
1.97
0.87
0.59
1.84
0.60
1.08
0.81
2.81
3.32
0.36
2.05
0.85
1.73
1.04
1.05
0.78
1.12
1.75
1.72
1.05
1.83
1.03
1.23
2.11
0.81
0.97
0.98
0.96
0.36
2.75
2.90
0.18
1.49
0.95
3.62
2.94
2.90
3.47
0.31
1.31
1.30
0.77
1.18
1.64
0.56
1.73
0.18
0.80
4.88
1.59
1.43
0.65
1.65
1.49
0.90
1.86
4.46
0.89
1.55
2.89
2.62
3.78
2.50
0.36
2.12
2.20
0.70
2.28
0.49
0.94
1.12
1.22
0.57
1.24
1.53
5.13
0.49
3.06
2.10
1.05
0.76
1.14
1.35
1.48
3.99
2.63
2.03
0.73
2.20
1.61
1.48
1.17
0.94
2.69
1.78
3.67
1.20
1.41
1.34
1.52
1.89
3.77
1.24
0.86
1.09
1.43
0.83
1.27
1.87
2.04
0.66
1.03
2.47
1.51
3.77
1.71
1.42
2.52
1.32
1.62
0.53
0.78
0.60
0.93
0.77
1.54
0.81
1.03
1.37
0.58
3.01
2.60
4.49
3.09
1.03
1.05
1.49
2.06
2.40
2.49
0.94
1.26
0.89
1.23
1.33
0.88
3.15
1.38
3.25
2.17
1.05
2.85
1.39
1.54
1.02
1.37
0.50
1.17
0.89
3.14
1.62
2.06
0.65
1.48
2.81
2.99
2.74
0.98
1.94
1.58
1.02
0.72
1.52
0.48
5.32
0.80
0.80
1.51
0.83
1.93
0.81
3.48
2.46
0.92
2.62
4.20
0.96
0.69
4.58
1.05
2.22
0.43
1.66
1.18
0.62
0.89
1.02
3.60
3.46
1.87
1.82
1.64
3.70
2.57
0.36
0.95
1.23
1.33
0.55
2.69
1.65
0.80
1.18
1.16
2.06
0.59
1.20
1.18
4.49
3.14
2.49
1.38
0.65
1.14
1.08
2.43
1.82
1.88
1.29
4.60
4.02
4.04
2.42
2.74
2.56
2.09
1.44
0.68
1.70
1.58
1.78
2.33
1.89
2.03
2.06
1.21
0.57
1.28
2.74
3.93
3.39
0.94
1.28
1.24
2.66
3.57
1.03
1.28
3.51
2.79
1.14
2.19
0.97
1.04
3.38
1.02
3.62
2.09
1.41
0.80
2.09
0.43
3.58
1.27
0.77
1.35
1.52
3.35
1.70
3.46
0.68
3.52
0.79
1.17
1.98
1.89
2.65
2.63
1.46
0.54
1.59
3.27
3.17
3.51
2.74
1.18
0.77
2.09
0.89
0.82
1.48
0.29
1.53
1.06
1.97
1.57
1.66
2.11
3.70
1.61
2.27
0.86
1.15
3.06
0.53
1.56
3.11
1.61
3.34
0.73
3.63
2.27
3.10
3.54
2.38
0.94
1.83
0.86
3.95
1.94
1.68
1.29
1.89
2.75
1.76
0.73
4.96
0.40
1.72
3.00
4.31
1.13
1.06
1.19
3.61
0.40
1.07
0.59
3.03
0.28
3.35
1.78
1.31
1.67
2.97
1.37
2.01
1.21
0.46
2.29
3.25
0.41
0.96
2.25
2.06
0.96
0.58
1.21
1.12
2.97
1.80
1.46
2.50
0.51
1.07
1.38
3.74
3.64
1.85
1.08
1.56
1.25
1.77
3.39
1.62
2.15
0.87
1.99
1.26
0.48
1.27
1.15
1.90
0.44
1.54
3.52
3.06
3.28
3.00
2.47
3.73
3.06
3.72
3.31
2.21
2.47
3.48
1.43
1.50
0.65
3.66
1.67
2.40
3.73
5.51
1.62
2.52
3.97
0.91
3.74
1.78
1.49
3.73
1.91
2.59
0.72
0.92
1.22
3.52
1.34
1.23
1.85
1.64
3.83
4.29
3.18
2.18
0.91
0.98
0.30
1.38
3.15
0.98
4.06
0.81
0.89
3.02
0.44
1.64
3.92
0.41
0.48
2.10
0.56
0.96
3.20
3.14
2.02
0.82
1.39
0.35
0.72
1.01
0.79
1.35
1.15
1.81
1.99
1.03
0.57
1.07
4.42
1.32
0.95
1.08
0.52
1.07
2.45
2.82
3.66
4.32
3.98
0.50
1.36
3.54
1.32
1.67
3.03
1.12
4.23
1.99
0.88
1.70
0.86
2.10
0.58
3.59
1.43
1.01
3.04
3.57
1.30
2.49
2.90
3.70
1.27
1.63
0.79
2.94
1.91
0.67
1.86
2.12
1.87
0.76
0.85
2.78
2.20
1.11
2.93
2.10
1.79
0.70
0.54
3.60
2.05
1.16
0.89
1.83
0.84
3.32
1.13
0.84
3.25
4.61
1.18
3.41
0.32
3.76
2.49
2.38
1.29
0.96
0.66
2.67
0.97
0.86
1.13
4.16
3.54
4.47
2.26
