1.00 3.09
1.00 0.70
1.00 5.29
1.00 0.87
1.00 4.34
1.00 5.49
1.00 4.39
1.00 0.40
1.00 5.25
1.00 0.69
1.00 5.30
1.00 1.73
1.00 2.81
1.00 4.67
1.00 1.43
1.00 0.54
1.00 5.26
1.00 3.49
1.00 5.69
1.00 0.36
1.00 1.99
1.00 0.74
1.00 0.47
1.00 0.40
1.00 0.92
1.00 3.18
1.00 5.49
1.00 0.32
1.00 4.74
1.00 1.41
1.00 1.38
1.00 1.03
1.00 0.16
1.00 0.88
1.00 3.96
1.00 1.40
1.00 3.58
1.00 2.17
1.00 2.59
1.00 1.10
1.00 2.37
1.00 4.13
1.00 0.75
1.00 5.83
1.00 0.67
1.00 2.96
1.00 4.23
1.00 1.22
1.00 2.27
1.00 0.80
1.00 2.71
1.00 2.45
1.00 2.77
1.00 5.57
1.00 2.58
1.00 1.75
1.00 0.70
1.00 1.44
1.00 0.56
1.00 0.24
1.00 2.90
1.00 3.88
1.00 0.58
1.00 0.51
1.00 0.74
1.00 3.17
1.00 4.06
1.00 2.28
1.00 2.57
1.00 2.40
1.00 1.16
1.00 1.85
1.00 0.59
1.00 4.45
1.00 1.08
1.00 5.98
1.00 0.22
1.00 6.37
1.00 0.76
1.00 5.13
1.00 4.17
1.00 5.93
1.00 1.09
1.00 4.47
1.00 2.43
1.00 4.13
1.00 2.66
1.00 4.58
1.00 1.94
1.00 2.87
1.00 1.77
1.00 5.35
1.00 3.83
1.00 3.12
1.00 0.51
1.00 3.02
1.00 5.03
1.00 0.95
1.00 1.74
1.00 1.39
1.00 2.53
1.00 2.27
1.00 3.12
1.00 5.33
1.00 5.65
1.00 2.74
1.00 0.96
1.00 0.99
1.00 0.56
1.00 2.23
1.00 3.92
1.00 1.01
1.00 2.23
1.00 1.23
1.00 1.24
1.00 5.80
1.00 3.99
1.00 1.59
1.00 1.72
1.00 2.54
1.00 1.51
1.00 5.39
1.00 2.14
1.00 6.60
1.00 3.76
1.00 1.02
1.00 3.21
1.00 0.89
1.00 4.32
1.00 4.46
1.00 3.52
1.00 5.33
1.00 2.59
1.00 2.73
1.00 2.94
1.00 2.36
1.00 5.37
1.00 4.70
1.00 0.57
1.00 0.31
1.00 2.68
1.00 5.64
1.00 0.92
1.00 2.05
1.00 3.35
1.00 3.42
1.00 5.52
1.00 1.66
1.00 1.97
1.00 1.68
1.00 6.25
1.00 2.75
1.00 2.19
1.00 0.82
1.00 6.62
1.00 5.24
1.00 2.48
1.00 1.41
1.00 0.98
1.00 4.11
1.00 6.82
1.00 0.81
1.00 0.45
1.00 3.35
1.00 4.94
1.00 4.19
1.00 1.15
1.00 1.38
1.00 4.86
1.00 4.49
1.00 1.26
1.00 0.68
1.00 4.54
1.00 5.66
1.00 3.57
1.00 4.77
1.00 2.19
1.00 0.38
1.00 2.90
1.00 5.11
1.00 0.31
1.00 4.48
1.00 3.27
1.00 3.67
1.00 1.01
1.00 2.22
1.00 2.20
1.00 0.54
1.00 4.40
1.00 3.46
1.00 4.02
1.00 1.20
1.00 1.83
1.00 3.00
1.00 5.28
1.00 3.85
1.00 1.20
1.00 1.93
1.00 0.91
1.00 0.85
1.00 6.36
1.00 2.66
1.00 4.53
1.00 3.42
1.00 6.03
1.00 1.74
1.00 4.85
1.00 3.84
1.00 1.05
1.00 3.62
1.00 1.60
1.00 1.39
1.00 3.83
1.00 3.78
1.00 4.56
1.00 1.43
1.00 6.30
1.00 4.21
1.00 0.70
1.00 1.92
1.00 3.40
1.00 5.88
1.00 2.86
1.00 3.93
1.00 1.19
1.00 1.51
1.00 5.14
1.00 1.74
1.00 5.36
1.00 4.05
1.00 6.30
1.00 3.58
1.00 4.73
1.00 0.52
1.00 3.22
1.00 1.54
1.00 0.75
1.00 4.82
1.00 3.80
1.00 5.61
1.00 5.60
1.00 0.56
1.00 4.66
1.00 5.35
1.00 0.81
1.00 2.68
1.00 0.63
1.00 5.76
1.00 3.58
1.00 4.48
1.00 0.59
1.00 0.56
1.00 0.57
1.00 2.70
1.00 2.00
1.00 3.24
1.00 5.66
1.00 3.44
1.00 5.32
1.00 0.86
1.00 2.93
1.00 3.32
1.00 0.80
1.00 5.16
1.00 3.38
1.00 5.38
1.00 5.36
1.00 2.60
1.00 3.88
1.00 2.21
1.00 0.49
1.00 5.03
1.00 1.47
1.00 5.83
1.00 3.33
1.00 5.39
1.00 0.95
1.00 1.16
1.00 4.43
1.00 1.39
1.00 3.40
1.00 2.27
1.00 3.01
1.00 4.00
1.00 4.05
1.00 4.24
1.00 3.56
1.00 1.25
1.00 5.94
1.00 3.18
1.00 2.31
1.00 0.42
1.00 5.03
1.00 0.97
1.00 5.12
1.00 1.11
1.00 4.18
1.00 5.45
1.00 2.47
1.00 1.06
1.00 6.47
1.00 4.48
1.00 5.35
1.00 0.44
1.00 6.71
1.00 1.02
1.00 1.74
1.00 3.78
1.00 1.91
1.00 1.14
1.00 7.01
1.00 5.14
1.00 0.88
1.00 1.52
1.00 5.68
1.00 1.20
1.00 1.61
1.00 1.37
1.00 2.73
1.00 2.69
1.00 1.23
1.00 2.81
1.00 1.27
1.00 0.89
1.00 1.24
1.00 1.28
1.00 2.69
1.00 0.37
1.00 1.13
1.00 3.20
1.00 2.74
1.00 5.41
1.00 4.45
1.00 1.84
1.00 0.50
1.00 5.04
1.00 5.30
1.00 3.43
1.00 5.71
1.00 5.89
1.00 5.69
1.00 3.39
1.00 1.70
1.00 1.97
1.00 1.48
1.00 4.01
1.00 4.74
1.00 3.69
1.00 0.79
1.00 3.50
1.00 1.85
1.00 0.86
1.00 3.76
1.00 4.37
1.00 1.83
1.00 0.87
1.00 2.49
1.00 5.10
1.00 1.71
1.00 1.83
1.00 6.49
1.00 5.19
1.00 0.78
1.00 0.80
1.00 1.21
1.00 2.71
1.00 1.14
1.00 1.69
1.00 4.59
1.00 5.36
1.00 0.97
1.00 5.48
1.00 4.20
1.00 0.99
1.00 5.41
1.00 3.06
1.00 1.91
1.00 4.04
1.00 4.27
1.00 1.91
1.00 1.00
1.00 3.46
1.00 3.11
1.00 3.99
1.00 2.69
1.00 1.70
1.00 4.77
1.00 0.78
1.00 4.43
1.00 6.63
1.00 4.67
1.00 1.35
1.00 2.73
1.00 6.78
1.00 2.45
1.00 3.26
1.00 0.57
1.00 5.82
1.00 1.22
1.00 2.01
1.00 5.90
1.00 5.63
1.00 0.68
1.00 5.22
1.00 5.68
1.00 4.11
1.00 5.25
1.00 2.72
3.00 0.09
3.00 0.17
3.00 1.61
3.00 0.14
3.00 0.18
3.00 1.29
3.00 3.17
3.00 0.45
3.00 0.31
3.00 0.68
3.00 1.05
3.00 0.05
3.00 0.19
3.00 0.38
3.00 2.28
3.00 0.50
3.00 0.71
3.00 0.10
3.00 0.42
3.00 0.62
3.00 4.78
3.00 0.04
3.00 0.90
3.00 0.54
3.00 0.28
3.00 0.55
3.00 0.05
3.00 4.43
3.00 0.02
3.00 3.17
3.00 2.39
3.00 0.18
3.00 0.20
3.00 0.24
3.00 0.06
3.00 2.43
3.00 0.06
3.00 0.55
3.00 0.88
3.00 0.23
3.00 0.05
3.00 2.10
3.00 0.90
3.00 3.99
3.00 0.38
3.00 0.17
3.00 0.15
3.00 0.71
3.00 0.11
3.00 0.16
3.00 0.51
3.00 1.16
3.00 0.38
3.00 0.37
3.00 1.14
3.00 0.79
3.00 0.83
3.00 0.13
3.00 0.26
3.00 0.35
3.00 0.50
3.00 0.05
3.00 2.35
3.00 0.77
3.00 0.14
3.00 0.10
3.00 0.51
3.00 1.62
3.00 0.03
3.00 2.06
3.00 0.43
3.00 1.05
3.00 2.10
3.00 0.07
3.00 1.04
3.00 0.15
3.00 1.54
3.00 0.40
3.00 0.11
3.00 0.29
3.00 0.11
3.00 1.06
3.00 0.61
3.00 0.07
3.00 0.19
3.00 0.13
3.00 0.05
3.00 0.19
3.00 0.16
3.00 1.14
3.00 0.06
3.00 0.16
3.00 0.03
3.00 0.06
3.00 0.97
3.00 0.30
3.00 0.44
3.00 0.49
3.00 0.13
3.00 0.95
3.00 1.23
3.00 0.91
3.00 3.16
3.00 0.13
3.00 0.56
3.00 3.53
3.00 1.76
3.00 2.07
3.00 0.58
3.00 0.11
3.00 2.01
3.00 0.05
3.00 2.99
3.00 0.12
3.00 0.62
3.00 0.14
3.00 1.37
3.00 0.37
3.00 0.06
3.00 1.53
3.00 0.30
3.00 1.31
3.00 2.51
3.00 5.23
3.00 0.05
3.00 0.02
3.00 3.34
3.00 0.27
3.00 0.01
3.00 3.18
3.00 0.05
3.00 0.83
3.00 0.24
3.00 0.10
3.00 0.99
3.00 0.38
3.00 1.65
3.00 4.39
3.00 0.89
3.00 1.00
3.00 0.34
3.00 2.05
3.00 0.84
3.00 0.10
3.00 2.74
3.00 0.95
3.00 2.35
3.00 2.88
3.00 0.67
3.00 0.04
3.00 0.05
3.00 3.02
3.00 2.74
3.00 1.00
3.00 0.75
3.00 0.04
3.00 0.50
3.00 1.61
3.00 0.47
3.00 0.19
3.00 1.21
3.00 2.02
3.00 1.14
3.00 0.04
3.00 0.09
3.00 0.10
3.00 0.25
3.00 0.43
3.00 0.02
3.00 0.48
3.00 3.82
3.00 0.10
3.00 0.27
3.00 0.70
3.00 0.80
3.00 3.97
3.00 0.12
3.00 0.39
3.00 0.18
3.00 3.81
3.00 0.04
3.00 0.23
3.00 2.90
3.00 3.56
3.00 0.66
3.00 0.04
3.00 2.42
3.00 0.17
3.00 0.06
3.00 0.14
3.00 0.52
3.00 1.90
3.00 0.05
3.00 0.27
3.00 2.87
3.00 0.02
3.00 0.75
3.00 0.26
3.00 2.13
3.00 0.95
3.00 0.30
3.00 0.26
3.00 0.06
3.00 0.08
3.00 0.10
3.00 0.09
3.00 0.20
3.00 3.54
3.00 1.07
3.00 0.25
3.00 0.27
3.00 1.99
3.00 0.10
3.00 1.02
3.00 0.17
3.00 0.31
3.00 0.49
3.00 2.90
3.00 2.02
3.00 0.07
3.00 0.34
3.00 0.64
3.00 0.20
3.00 0.04
3.00 0.13
3.00 0.14
3.00 0.10
3.00 0.35
3.00 0.02
3.00 0.48
3.00 0.06
3.00 0.01
3.00 0.05
3.00 0.03
3.00 5.28
3.00 1.35
3.00 0.19
3.00 0.12
3.00 0.10
3.00 0.08
3.00 0.19
3.00 3.76
3.00 0.25
3.00 0.15
3.00 0.01
3.00 2.78
3.00 0.80
3.00 0.05
3.00 0.09
3.00 0.72
3.00 3.05
3.00 1.96
3.00 0.51
3.00 0.76
3.00 0.02
3.00 5.71
3.00 3.54
3.00 0.74
3.00 0.46
3.00 0.16
3.00 0.10
3.00 0.12
3.00 5.45
3.00 0.24
3.00 0.28
3.00 0.25
3.00 0.14
3.00 4.76
3.00 2.81
3.00 0.51
3.00 0.06
3.00 0.23
3.00 1.92
3.00 0.14
3.00 1.15
3.00 1.22
3.00 0.11
3.00 3.36
3.00 1.45
3.00 0.03
3.00 3.61
3.00 0.16
3.00 0.16
3.00 0.11
3.00 0.06
3.00 0.09
3.00 0.58
3.00 0.03
3.00 2.71
3.00 4.50
3.00 0.82
3.00 0.13
3.00 0.65
3.00 3.97
3.00 0.44
3.00 1.72
3.00 2.80
3.00 0.18
3.00 0.14
3.00 0.61
3.00 4.62
3.00 0.98
3.00 0.84
3.00 1.55
3.00 0.13
3.00 0.24
3.00 4.17
3.00 0.17
3.00 3.78
3.00 4.59
3.00 1.05
3.00 1.81
3.00 1.14
3.00 0.04
3.00 4.31
3.00 1.22
3.00 0.07
3.00 0.21
3.00 0.25
3.00 0.33
3.00 2.49
3.00 0.11
3.00 0.07
3.00 0.42
3.00 0.11
3.00 0.02
3.00 0.58
3.00 1.25
3.00 0.42
3.00 0.67
3.00 0.55
3.00 0.17
3.00 0.46
3.00 0.10
3.00 1.51
3.00 0.75
3.00 0.06
3.00 1.10
3.00 4.05
3.00 0.03
3.00 0.18
3.00 0.83
3.00 0.17
3.00 0.14
3.00 3.01
3.00 4.66
3.00 1.38
3.00 0.08
3.00 0.30
3.00 0.12
3.00 0.06
3.00 0.39
3.00 0.45
3.00 0.74
3.00 0.02
3.00 0.14
3.00 2.25
3.00 0.03
3.00 2.68
3.00 0.92
3.00 1.65
3.00 0.32
3.00 0.03
3.00 0.07
3.00 1.44
3.00 0.12
3.00 0.36
3.00 0.55
3.00 3.66
3.00 0.79
3.00 1.21
3.00 2.47
3.00 0.10
3.00 0.41
3.00 2.41
3.00 2.17
3.00 1.20
3.00 0.07
3.00 2.23
3.00 0.89
3.00 0.11
3.00 0.89
3.00 0.51
3.00 0.08
3.00 3.20
3.00 0.35
3.00 0.05
3.00 0.30
3.00 0.02
3.00 0.94
3.00 0.28
3.00 0.04
3.00 2.42
3.00 0.01
3.00 2.90
3.00 0.25
3.00 2.66
3.00 0.14
3.00 0.25
3.00 2.54
3.00 0.06
3.00 0.03
3.00 1.56
3.00 0.25
3.00 0.32
3.00 0.03
3.00 0.21
3.00 1.34
2.00 2.10
2.00 2.70
2.00 4.58
2.00 0.77
2.00 2.26
2.00 4.80
2.00 4.18
2.00 0.31
2.00 3.77
2.00 2.03
2.00 4.18
2.00 0.42
2.00 1.86
2.00 4.43
2.00 0.50
2.00 0.22
2.00 0.95
2.00 3.42
2.00 0.93
2.00 1.57
2.00 0.97
2.00 3.60
2.00 2.84
2.00 0.50
2.00 0.71
2.00 0.50
2.00 1.01
2.00 1.07
2.00 0.91
2.00 1.82
2.00 1.08
2.00 1.03
2.00 0.77
2.00 0.76
2.00 0.55
2.00 1.59
2.00 0.53
2.00 0.75
2.00 1.86
2.00 0.47
2.00 1.35
2.00 3.69
2.00 4.89
2.00 6.08
2.00 0.47
2.00 2.40
2.00 0.60
2.00 2.54
2.00 3.36
2.00 2.61
2.00 0.77
2.00 1.84
2.00 4.73
2.00 0.10
2.00 5.03
2.00 2.20
2.00 3.03
2.00 0.43
2.00 1.61
2.00 3.52
2.00 0.51
2.00 0.29
2.00 2.93
2.00 1.00
2.00 3.42
2.00 0.36
2.00 4.11
2.00 1.13
2.00 1.44
2.00 1.39
2.00 0.69
2.00 1.85
2.00 5.32
2.00 0.53
2.00 1.38
2.00 4.36
2.00 0.99
2.00 4.43
2.00 0.37
2.00 4.44
2.00 0.27
2.00 4.61
2.00 0.57
2.00 0.68
2.00 1.17
2.00 0.84
2.00 0.35
2.00 2.76
2.00 0.44
2.00 3.42
2.00 1.14
2.00 3.14
2.00 4.70
2.00 1.57
2.00 0.89
2.00 2.09
2.00 3.54
2.00 1.44
2.00 2.12
2.00 0.77
2.00 2.08
2.00 1.75
2.00 3.04
2.00 2.39
2.00 4.76
2.00 1.73
2.00 6.03
2.00 0.80
2.00 0.86
2.00 0.85
2.00 2.25
2.00 1.03
2.00 3.94
2.00 3.00
2.00 0.56
2.00 0.87
2.00 0.97
2.00 1.11
2.00 1.96
2.00 5.02
2.00 1.26
2.00 4.39
2.00 5.81
2.00 1.76
2.00 0.31
2.00 3.11
2.00 2.26
2.00 1.59
2.00 3.33
2.00 1.96
2.00 2.99
2.00 0.25
2.00 3.01
2.00 2.61
2.00 4.03
2.00 3.77
2.00 1.83
2.00 4.15
2.00 1.05
2.00 1.14
2.00 1.70
2.00 0.74
2.00 3.28
2.00 2.79
2.00 3.34
2.00 4.03
2.00 4.58
2.00 1.89
2.00 1.32
2.00 1.89
2.00 3.53
2.00 2.47
2.00 2.33
2.00 0.95
2.00 0.96
2.00 1.15
2.00 0.89
2.00 0.48
2.00 1.33
2.00 0.22
2.00 4.77
2.00 5.17
2.00 1.05
2.00 5.26
2.00 0.76
2.00 1.02
2.00 0.21
2.00 2.44
2.00 0.71
2.00 3.98
2.00 2.35
2.00 2.24
2.00 3.25
2.00 2.12
2.00 3.37
2.00 4.25
2.00 2.14
2.00 4.66
2.00 1.28
2.00 4.58
2.00 0.37
2.00 3.84
2.00 5.17
2.00 0.82
2.00 0.89
2.00 2.13
2.00 2.18
2.00 0.89
2.00 0.35
2.00 0.19
2.00 1.08
2.00 1.05
2.00 0.21
2.00 0.12
2.00 4.69
2.00 1.11
2.00 1.42
2.00 3.40
2.00 0.95
2.00 1.23
2.00 4.25
2.00 0.63
2.00 0.57
2.00 4.12
2.00 3.30
2.00 2.28
2.00 2.81
2.00 2.41
2.00 1.54
2.00 2.20
2.00 0.23
2.00 2.12
2.00 1.41
2.00 2.16
2.00 0.92
2.00 2.52
2.00 2.31
2.00 3.77
2.00 1.25
2.00 0.78
2.00 4.23
2.00 2.58
2.00 4.17
2.00 3.62
2.00 1.97
2.00 1.14
2.00 0.67
2.00 1.30
2.00 0.37
2.00 0.59
2.00 4.20
2.00 0.35
2.00 1.90
2.00 3.89
2.00 2.27
2.00 0.30
2.00 4.15
2.00 0.96
2.00 0.15
2.00 0.59
2.00 4.36
2.00 4.94
2.00 2.77
2.00 0.62
2.00 1.32
2.00 1.92
2.00 2.04
2.00 0.70
2.00 0.06
2.00 4.07
2.00 3.84
2.00 0.29
2.00 0.35
2.00 2.37
2.00 3.54
2.00 3.25
2.00 4.58
2.00 3.54
2.00 0.56
2.00 0.28
2.00 1.83
2.00 2.84
2.00 0.56
2.00 2.86
2.00 4.56
2.00 3.36
2.00 4.50
2.00 1.07
2.00 3.15
2.00 3.75
2.00 3.94
2.00 4.18
2.00 0.82
2.00 1.88
2.00 0.11
2.00 0.81
2.00 4.87
2.00 1.97
2.00 3.57
2.00 0.94
2.00 0.37
2.00 1.33
2.00 0.46
2.00 0.77
2.00 0.52
2.00 0.33
2.00 1.15
2.00 0.39
2.00 3.80
2.00 2.83
2.00 2.43
2.00 1.97
2.00 0.96
2.00 3.26
2.00 3.23
2.00 2.23
2.00 1.85
2.00 1.79
2.00 0.61
2.00 2.32
2.00 3.09
2.00 4.19
2.00 0.15
2.00 3.01
2.00 2.14
2.00 1.23
2.00 3.69
2.00 2.98
2.00 2.30
2.00 5.11
2.00 4.13
2.00 1.51
2.00 0.68
2.00 0.55
2.00 3.02
2.00 0.50
2.00 0.97
2.00 2.39
2.00 0.82
2.00 0.53
2.00 1.28
2.00 2.60
2.00 0.46
2.00 1.89
2.00 1.47
2.00 2.46
2.00 0.20
2.00 0.63
2.00 1.26
2.00 1.89
2.00 0.52
2.00 4.55
2.00 3.18
2.00 1.05
2.00 3.82
2.00 4.24
2.00 3.05
2.00 2.93
2.00 1.62
2.00 4.64
2.00 0.40
2.00 0.95
2.00 3.19
2.00 0.23
2.00 2.57
2.00 0.63
2.00 2.30
2.00 3.45
2.00 0.99
2.00 3.73
2.00 0.57
2.00 0.81
2.00 1.08
2.00 0.45
2.00 3.92
2.00 0.41
2.00 4.18
2.00 1.25
2.00 2.66
2.00 1.93
2.00 1.85
2.00 2.38
2.00 0.40
2.00 1.55
2.00 1.29
2.00 0.19
2.00 1.13
2.00 1.19
2.00 3.31
2.00 2.20
2.00 0.46
2.00 0.48
2.00 2.68
2.00 0.54
2.00 3.01
2.00 3.49
2.00 3.98
2.00 3.76
2.00 0.71
2.00 2.13
2.00 2.19
2.00 1.61
2.00 4.90
2.00 1.17
2.00 4.10
2.00 0.73
2.00 0.57
2.00 2.53
2.00 3.09
2.00 0.63
2.00 1.40
2.00 0.30
2.00 3.07
2.00 2.10
2.00 3.60
2.00 2.03
2.00 4.43
2.00 5.52
2.00 0.84
2.00 4.11
2.00 2.42
2.00 1.87
2.00 4.55
2.00 0.80
2.00 0.95
2.00 4.71
2.00 0.79
2.00 0.25
2.00 1.36
