2.101440045281274
2.7018254681934146
4.583825909468733
0.7685441594189878
2.260295082791398
4.796174625526319
4.17847442360873
0.3127254556439856
3.7705705411372845
2.0276338430196637
4.1774316369279
0.4170354871933846
1.8616758788339791
4.42831985309259
0.5009455024878141
0.2245165405208593
0.9525646340487604
3.421428330110783
0.9338910795537001
1.5721381019388019
0.9744836228968022
3.6036888153978825
2.841913871252558
0.5027901453476482
0.7089128329004972
0.5029764699018642
1.012279082373999
1.0652407323059518
0.9093554011086081
1.8207563182691404
1.0809560776548413
1.0269926057739045
0.7745632211161393
0.7571296999714617
0.545349554988995
1.5889074476995249
0.5258091173939932
0.7452780032834522
1.8574897624482374
0.4690679738026491
1.3543546724023876
3.6862410837615798
4.889605203454339
6.076617410581196
0.4690743998559677
2.3982472300656315
0.6041190555418942
2.5408282588056887
3.362283379745253
2.607099060417495
0.767366160762719
1.8444154793063414
4.7305279433651295
0.09638884339371427
5.02990518581999
2.1958599872516182
3.029670695835121
0.42621199813046895
1.6110831248333224
3.523119551800704
0.5118636570418845
0.2870434958296982
2.9330461482717682
1.0013606301316564
3.4233608642578433
0.3617826531634012
4.110738395823583
1.1325197123586672
1.4426649938259901
1.3899129596545363
0.6851222847020515
1.846559426315602
5.320645090230365
0.5339915752626476
1.3819041651090842
4.356913533999353
0.9864842386533837
4.426458772760798
0.36560527562094625
4.4370474997415075
0.26615092062050766
4.6095480314332615
0.57272337020723
0.6776597097975767
1.1662387192215065
0.8364336205588676
0.35316122959339696
2.764642514498481
0.43504791814773675
3.4208076445672346
1.13852184774131
3.1425806163655348
4.696394488273595
1.5690565475296856
0.8901748108473688
2.0906320671686403
3.5420160496829434
1.4369073120744438
2.124407042706463
0.768904434410958
2.078349253667868
1.7542399955229129
3.0439220141759917
2.389796972294277
4.755142355115709
1.729772798843989
6.0295433261973255
0.7953629397580727
0.8571772317263585
0.8504256856814295
2.2498549139978357
1.0271880634053354
3.9433152648904817
3.0017034213592493
0.5648617813944247
0.8742859831811493
0.9713770365325115
1.1072632803403546
1.9574640500117166
5.0171688969942565
1.2619408901770488
4.392660931051856
5.813574757779738
1.7566111745823108
0.3130807785147676
3.110356799317529
2.262282305137754
1.5901918352018767
3.3333969335301554
1.9600795655738206
2.986019126291277
0.24916657354613142
3.013451307007174
2.6067545181873246
4.032726893858366
3.772030206302471
1.8316101555231794
4.147284258797695
1.049089880757887
1.1391526259721934
1.6984279927207815
0.7369488988486025
3.279744561310439
2.7902289896726384
3.3403019834997956
4.030274784123079
4.582097484366447
1.8947648131574268
1.323287896947666
1.890389539063136
3.5293640930247023
2.4717299649063285
2.3330788594360907
0.9523159983711516
0.9557874371525233
1.145608769743088
0.8909841705964339
0.47797898422197443
1.3260187578010274
0.22164698265404292
4.771975586467199
5.174737508636912
1.0528106782832203
5.256834311638209
0.7619831614072642
1.0206552568687937
0.20547144238664938
2.4384566735802244
0.7131557578268177
3.975808457726362
2.351566401393053
2.240891388248815
3.253180283577501
2.121661120215171
3.373030887035245
4.245889038995081
2.1352115512160967
4.6625759495845305
1.283341836362164
4.57693982658533
0.37010842601772775
3.835263477327105
5.172165840726556
0.8179237524947809
0.8912674984876926
2.1325767201239896
2.177053199121498
0.8923499201163194
0.35309300796215654
0.18980612081954984
1.078945282440714
1.0496600523053767
0.2128250934446686
0.12325976682022283
4.687305787207416
1.1141565574025345
1.419844491842242
3.404770381704494
0.9508190484050709
1.22852189313258
4.251888902079982
0.6318420484081185
0.5651353371506217
4.1169563333857155
3.301293066340788
2.28326261428508
2.805314194405866
2.407050254312046
1.5356224286801174
2.1985845238531425
0.23162983108411797
2.1157551155147822
1.4136566592878412
2.1564293238229353
0.9170065884254164
2.5209639786341045
2.312922285471559
3.7720640558959304
1.2499134655089954
0.7754136467416033
4.231809266872557
2.5812188733989774
4.166699244069155
3.624528724413175
1.9747674598753813
1.144744319021183
0.6692381244469233
1.2973632435354983
0.37064414380424676
0.5931828362137638
4.200886635876527
0.35164989182577594
1.901238504335315
3.8941776460316793
2.2694559206896994
0.30211847288907756
4.149139161520836
0.9584857648665448
0.15260437816020475
0.5947520125843166
4.362253745161017
4.944042777282162
2.767470835202571
0.6159532141701538
1.319137968402145
1.9211764948092251
2.0379060365159742
0.6951502971923474
0.06350091983993174
4.071897533416276
3.844254393386463
0.2945602620667486
0.34938267437700454
2.36607107234384
3.537057786990556
3.24609681141679
4.57858140205786
3.536145906292837
0.5609029376697723
0.27680464002250943
1.827316960839212
2.8367767858579334
0.559060841971096
2.8576364169302617
4.560240878227183
3.3617185804333727
4.495548509285067
1.0650469167956464
3.1537758520401074
3.7465353694725887
3.936443590350767
4.183866912757916
0.8243047552790267
1.8809228072582773
0.11330288024044795
0.8071818352925142
4.873326973251101
1.9740337410655084
3.5657628103775068
0.9408746595078428
0.36917751442329205
1.3310773500905615
0.45764626977628176
0.7697835888238392
0.518905416570041
0.32763897533307784
1.1457759204743734
0.3893524812675338
3.7962040030085364
2.8340093232457226
2.434966673336122
1.973760040330483
0.9588440053518946
3.261013347725772
3.2312661916708345
2.23179618698026
1.8499240051978392
1.7892455647949739
0.6083884393032793
2.3192550581619575
3.089913026542597
4.185440934849244
0.15182264893235384
3.010698981013229
2.142504134324872
1.23176451667879
3.688751316095149
2.9811591454035153
2.303820129484
5.109701169764143
4.133249687539604
1.5092512022080555
0.6841243377484565
0.5504658650009314
3.020935615053665
0.5007321096309647
0.9676221730010549
2.3929889311172876
0.8208579675700636
0.5284173248938836
1.2758258268005271
2.6043352966348707
0.45718786235183223
1.889192227749429
1.46709844036072
2.455597948300828
0.20138039789082737
0.6263646909559507
1.2555274691449225
1.8886718709824823
0.5238644940048661
4.548723414686262
3.175367459310393
1.0520884565064756
3.8232884399735707
4.2438504572311135
3.049235379881437
2.931358814091927
1.6195611017444007
4.64134756992928
0.40177951041968907
0.9458384054495265
3.1897203748978895
0.2265761120872493
2.56593165892994
0.6286609230772463
2.3007683501672895
3.448334462787681
0.9863670336657
3.7308483289175123
0.5720565849409157
0.8131495957063078
1.0753963245151588
0.45346948654146
3.916209284904693
0.40741133435436166
4.181886870650324
1.2491025652425003
2.658861205036165
1.9268010953675299
1.8502597676444672
2.3780717078157476
0.39810605528021875
1.5465703785931924
1.288313736722088
0.19453055029840985
1.1340276049534994
1.189891910736745
3.30914822059211
2.1996344627098328
0.45892333131466406
0.48424003377358593
2.681112376691225
0.538700605245036
3.0135940009512576
3.488997699553067
3.9775059445932555
3.760541427188992
0.7093990874936416
2.1266810561794363
2.185046221789994
1.6101424805240507
4.89719791642911
1.1695955190738203
4.101932683189705
0.7321498899382307
0.5684935801576994
2.5341599132444133
3.0937154686062693
0.6297316989332479
1.4034740610035086
0.2980668678131152
3.0683788060889223
2.1013577431763917
3.6020032239637474
2.0299271812807724
4.426026807769525
5.524401019070369
0.837292079353834
4.111298999016597
2.4163933564854574
1.8675658883727397
4.550040935732559
0.8023951840951421
0.9520116127618022
4.705307344652865
0.7910667255904892
0.2538372559993931
1.3580562209646758
