0.09
0.17
1.61
0.14
0.18
1.29
3.17
0.45
0.31
0.68
1.05
0.05
0.19
0.38
2.28
0.50
0.71
0.10
0.42
0.62
4.78
0.04
0.90
0.54
0.28
0.55
0.05
4.43
0.02
3.17
2.39
0.18
0.20
0.24
0.06
2.43
0.06
0.55
0.88
0.23
0.05
2.10
0.90
3.99
0.38
0.17
0.15
0.71
0.11
0.16
0.51
1.16
0.38
0.37
1.14
0.79
0.83
0.13
0.26
0.35
0.50
0.05
2.35
0.77
0.14
0.10
0.51
1.62
0.03
2.06
0.43
1.05
2.10
0.07
1.04
0.15
1.54
0.40
0.11
0.29
0.11
1.06
0.61
0.07
0.19
0.13
0.05
0.19
0.16
1.14
0.06
0.16
0.03
0.06
0.97
0.30
0.44
0.49
0.13
0.95
1.23
0.91
3.16
0.13
0.56
3.53
1.76
2.07
0.58
0.11
2.01
0.05
2.99
0.12
0.62
0.14
1.37
0.37
0.06
1.53
0.30
1.31
2.51
5.23
0.05
0.02
3.34
0.27
0.01
3.18
0.05
0.83
0.24
0.10
0.99
0.38
1.65
4.39
0.89
1.00
0.34
2.05
0.84
0.10
2.74
0.95
2.35
2.88
0.67
0.04
0.05
3.02
2.74
1.00
0.75
0.04
0.50
1.61
0.47
0.19
1.21
2.02
1.14
0.04
0.09
0.10
0.25
0.43
0.02
0.48
3.82
0.10
0.27
0.70
0.80
3.97
0.12
0.39
0.18
3.81
0.04
0.23
2.90
3.56
0.66
0.04
2.42
0.17
0.06
0.14
0.52
1.90
0.05
0.27
2.87
0.02
0.75
0.26
2.13
0.95
0.30
0.26
0.06
0.08
0.10
0.09
0.20
3.54
1.07
0.25
0.27
1.99
0.10
1.02
0.17
0.31
0.49
2.90
2.02
0.07
0.34
0.64
0.20
0.04
0.13
0.14
0.10
0.35
0.02
0.48
0.06
0.01
0.05
0.03
5.28
1.35
0.19
0.12
0.10
0.08
0.19
3.76
0.25
0.15
0.01
2.78
0.80
0.05
0.09
0.72
3.05
1.96
0.51
0.76
0.02
5.71
3.54
0.74
0.46
0.16
0.10
0.12
5.45
0.24
0.28
0.25
0.14
4.76
2.81
0.51
0.06
0.23
1.92
0.14
1.15
1.22
0.11
3.36
1.45
0.03
3.61
0.16
0.16
0.11
0.06
0.09
0.58
0.03
2.71
4.50
0.82
0.13
0.65
3.97
0.44
1.72
2.80
0.18
0.14
0.61
4.62
0.98
0.84
1.55
0.13
0.24
4.17
0.17
3.78
4.59
1.05
1.81
1.14
0.04
4.31
1.22
0.07
0.21
0.25
0.33
2.49
0.11
0.07
0.42
0.11
0.02
0.58
1.25
0.42
0.67
0.55
0.17
0.46
0.10
1.51
0.75
0.06
1.10
4.05
0.03
0.18
0.83
0.17
0.14
3.01
4.66
1.38
0.08
0.30
0.12
0.06
0.39
0.45
0.74
0.02
0.14
2.25
0.03
2.68
0.92
1.65
0.32
0.03
0.07
1.44
0.12
0.36
0.55
3.66
0.79
1.21
2.47
0.10
0.41
2.41
2.17
1.20
0.07
2.23
0.89
0.11
0.89
0.51
0.08
3.20
0.35
0.05
0.30
0.02
0.94
0.28
0.04
2.42
0.01
2.90
0.25
2.66
0.14
0.25
2.54
0.06
0.03
1.56
0.25
0.32
0.03
0.21
1.34
