5.00
5.00
3.00
4.00
2.00
3.00
3.00
2.00
2.00
1.00
1.00
1.00
5.00
3.00
3.00
1.00
1.00
4.00
1.00
3.00
2.00
1.00
2.00
1.00
11.00
3.00
3.00
2.00
2.00
3.00
1.00
2.00
3.00
3.00
1.00
2.00
1.00
1.00
3.00
1.00
2.00
1.00
1.00
1.00
1.00
1.00
2.00
2.00
2.00
14.00
3.00
4.00
3.00
1.00
1.00
1.00
3.00
1.00
2.00
2.00
2.00
3.00
4.00
3.00
2.00
1.00
2.00
3.00
1.00
4.00
3.00
3.00
9.00
2.00
3.00
3.00
2.00
1.00
2.00
1.00
1.00
1.00
3.00
2.00
4.00
2.00
3.00
1.00
4.00
1.00
3.00
1.00
1.00
2.00
4.00
5.00
3.00
1.00
3.00
2.00
1.00
3.00
4.00
3.00
10.00
3.00
2.00
1.00
3.00
1.00
3.00
1.00
2.00
1.00
1.00
1.00
2.00
4.00
4.00
3.00
4.00
1.00
2.00
1.00
1.00
2.00
3.00
3.00
2.00
1.00
1.00
1.00
1.00
1.00
2.00
6.00
3.00
3.00
2.00
2.00
2.00
1.00
3.00
2.00
1.00
5.00
3.00
11.00
5.00
2.00
2.00
2.00
1.00
2.00
3.00
2.00
1.00
1.00
3.00
5.00
7.00
1.00
1.00
3.00
13.00
1.00
4.00
3.00
1.00
1.00
3.00
5.00
1.00
1.00
2.00
3.00
2.00
1.00
3.00
3.00
3.00
1.00
3.00
3.00
3.00
2.00
1.00
3.00
3.00
3.00
2.00
1.00
3.00
11.00
3.00
3.00
2.00
1.00
1.00
2.00
