3.63
2.50
1.21
1.51
4.07
2.91
2.31
4.20
3.77
0.80
2.81
2.57
2.28
1.02
2.85
0.17
0.67
0.84
3.98
3.78
3.84
2.77
2.00
1.20
0.69
3.14
1.17
0.31
0.23
1.08
2.03
2.06
0.55
1.25
2.87
0.29
2.67
1.68
4.52
0.39
0.99
4.03
0.74
3.46
2.32
2.18
0.42
2.31
0.25
0.22
0.79
1.56
2.18
1.13
4.20
4.08
5.03
2.12
0.98
2.74
0.88
0.77
1.92
2.08
2.98
1.33
1.53
3.46
1.94
3.64
2.31
1.34
1.69
2.36
4.62
0.24
0.93
2.70
3.65
1.20
1.98
1.52
3.89
2.04
3.66
3.47
2.84
2.14
4.06
0.68
2.36
2.16
2.81
2.02
1.90
3.94
0.96
0.50
3.13
3.19
2.46
2.79
0.46
2.29
2.16
3.67
1.70
0.89
0.77
5.00
2.33
1.03
1.11
2.05
2.51
2.97
4.65
3.98
0.13
2.96
0.87
2.79
2.70
0.59
1.76
5.03
3.92
0.75
4.40
1.25
1.50
3.81
2.48
1.06
2.82
0.58
0.54
3.80
4.07
1.39
4.05
3.14
3.07
2.58
0.97
2.04
1.21
3.73
2.27
3.56
1.49
2.43
2.75
1.08
2.03
1.06
2.22
1.44
0.60
0.95
2.69
1.94
3.05
0.95
0.82
3.92
0.97
1.19
3.14
2.53
1.67
1.75
2.80
2.71
3.99
3.08
3.54
2.40
2.35
3.05
1.68
3.41
2.15
4.24
2.04
2.99
1.40
1.36
0.95
3.02
0.89
1.02
2.64
2.03
1.26
1.30
4.07
4.06
1.83
3.49
1.92
0.39
3.22
2.02
1.06
2.29
2.78
0.97
3.12
1.19
2.55
3.81
2.16
3.28
2.23
1.31
3.86
3.98
3.93
3.40
2.13
3.14
1.93
2.38
1.67
3.60
2.42
2.94
2.71
4.04
2.19
3.54
4.31
0.35
3.10
1.50
0.34
2.55
2.75
1.83
4.35
3.76
3.55
0.67
4.17
1.67
1.73
2.13
3.28
3.06
3.99
1.67
4.66
1.18
3.32
3.20
4.86
1.63
3.59
0.70
1.46
3.17
3.13
1.03
3.89
2.70
2.68
2.80
3.64
3.26
3.35
0.93
0.95
0.44
0.28
1.08
3.42
0.89
1.06
3.17
2.45
4.73
3.79
4.97
2.01
1.71
1.22
0.57
0.74
0.83
0.95
0.98
0.97
0.70
0.70
2.67
1.54
4.94
1.37
3.48
1.97
3.90
2.65
1.96
1.20
0.62
2.69
3.06
2.56
3.88
0.46
2.59
3.79
2.43
3.39
1.76
1.50
2.70
2.46
2.47
0.29
0.20
0.25
3.21
3.25
2.26
2.91
1.18
0.86
0.74
1.48
1.68
1.27
2.15
1.02
0.95
4.46
2.63
3.77
2.02
2.35
3.01
1.15
1.69
3.01
0.38
2.66
0.90
1.19
2.46
2.79
3.61
2.53
2.65
1.37
2.31
0.26
1.80
2.69
1.23
4.02
0.28
0.21
1.26
1.21
2.15
3.70
0.68
0.59
1.60
2.69
2.38
1.25
0.55
0.51
0.88
0.85
3.88
1.90
2.75
3.16
3.12
3.03
3.69
2.76
2.56
3.22
0.82
3.62
1.28
3.47
0.45
0.82
3.98
3.98
1.81
4.28
2.29
2.91
1.88
2.89
3.77
0.73
4.47
1.04
3.19
1.50
3.60
3.53
3.56
0.44
3.82
2.87
2.12
1.50
2.65
4.83
3.98
1.23
0.83
2.85
4.64
2.33
2.60
0.98
0.45
0.34
4.02
2.97
2.29
1.12
1.69
2.14
3.54
3.69
1.41
3.52
0.75
0.80
0.51
0.52
2.39
1.77
3.04
0.88
1.06
2.45
2.52
4.06
3.76
3.81
1.19
0.99
3.67
4.49
3.19
2.01
0.98
4.93
4.55
2.19
0.97
0.31
1.39
3.32
2.77
2.74
1.00
0.20
1.68
2.42
0.61
1.47
1.47
0.63
2.21
2.93
2.63
2.22
0.17
2.53
3.91
0.62
2.30
1.89
4.03
1.31
4.14
0.24
2.08
3.69
2.08
2.82
0.90
0.47
