2.68
0.18
2.82
0.40
0.47
0.24
1.70
2.03
0.78
1.01
0.66
0.27
0.15
0.28
0.63
0.10
0.15
0.14
0.04
0.92
0.07
0.15
0.83
0.08
0.17
0.83
0.29
1.23
0.15
0.62
0.43
1.80
0.17
1.08
0.05
0.97
0.06
0.23
0.26
1.80
0.50
0.45
0.30
0.18
0.66
0.17
3.51
0.39
0.41
0.16
0.54
0.19
0.48
0.12
2.07
0.16
1.13
2.46
0.63
0.87
0.18
0.57
0.59
0.25
1.29
2.44
3.26
0.21
0.57
0.28
0.77
3.00
0.13
0.12
0.19
0.40
1.23
0.31
0.34
0.37
0.31
0.24
0.10
2.15
0.36
0.14
0.21
0.58
0.28
0.16
0.33
0.47
0.70
1.05
2.85
0.80
0.50
0.55
1.75
0.17
0.05
2.67
0.68
0.14
0.07
1.55
0.60
0.18
2.71
0.30
0.13
1.92
0.56
1.56
3.31
1.07
0.90
0.18
0.16
0.07
1.78
0.31
2.12
0.18
0.24
0.92
0.04
0.10
1.32
0.09
0.68
0.37
0.42
2.19
1.41
0.14
0.59
0.12
1.67
0.69
0.10
0.92
3.67
1.34
0.31
4.57
0.89
0.37
0.15
0.10
0.05
1.78
0.84
1.97
0.50
0.08
0.34
0.50
0.05
2.71
4.06
4.97
0.83
0.26
1.05
0.22
3.56
0.93
0.30
0.30
0.62
0.25
0.95
0.08
2.25
0.16
2.40
0.13
1.01
2.67
2.51
0.48
1.97
0.31
0.98
0.33
0.57
0.12
0.23
0.03
1.50
0.22
1.16
0.14
0.11
0.10
0.62
0.19
0.16
0.13
2.43
1.26
0.15
1.28
0.49
0.09
1.57
0.44
0.30
0.11
0.09
1.43
0.28
0.91
0.14
0.13
0.10
1.67
1.52
0.37
0.25
3.23
0.73
3.52
0.34
0.90
0.28
0.86
1.59
1.11
0.80
0.40
1.35
0.10
2.04
1.05
0.84
0.47
0.16
0.65
1.63
0.09
0.38
0.20
0.83
2.17
0.55
0.66
0.07
0.13
0.08
1.52
0.15
0.33
0.07
3.18
3.01
2.85
1.83
3.14
1.07
0.20
1.09
0.21
3.42
0.70
2.75
3.03
2.90
0.93
0.44
0.30
1.19
0.04
0.28
0.12
1.89
0.23
0.79
2.21
0.34
1.07
0.21
0.14
3.14
1.23
0.12
0.75
0.10
0.30
1.27
0.51
0.42
0.08
0.58
1.72
2.08
0.36
0.88
0.16
0.12
0.11
0.63
1.52
0.44
0.26
0.28
1.86
0.25
0.89
0.24
0.14
0.47
0.25
1.14
3.08
1.17
0.06
0.98
0.99
0.32
0.63
0.54
0.12
2.73
0.71
0.77
0.07
0.20
0.10
0.36
0.42
1.00
1.55
0.20
0.98
0.11
0.76
0.08
1.10
1.23
0.14
0.26
0.08
2.32
0.46
0.08
0.15
0.82
1.91
0.78
1.92
0.62
0.56
0.44
1.37
0.54
1.14
0.06
0.09
0.28
0.13
2.42
1.10
0.62
0.16
0.36
0.15
1.05
0.14
0.30
0.46
0.12
0.63
0.84
0.14
1.91
0.69
0.13
0.18
0.64
1.48
0.22
0.41
0.54
0.33
0.13
0.17
0.16
0.19
2.97
2.26
2.27
1.09
0.23
0.23
0.35
0.23
1.99
0.41
0.13
0.86
0.40
0.91
0.10
1.17
0.21
0.24
0.28
0.09
3.33
0.63
2.15
2.49
1.96
0.73
1.25
0.72
0.04
2.77
0.41
0.64
1.03
2.05
0.57
0.89
0.39
0.06
0.15
0.81
0.91
0.09
2.47
0.79
1.24
0.72
0.16
0.36
2.98
0.25
0.78
0.24
0.74
0.09
0.81
0.84
0.49
0.13
0.70
0.06
0.16
0.11
1.89
1.00
0.78
0.15
2.44
1.42
0.08
0.02
2.90
0.62
0.32
0.61
0.32
0.39
0.34
0.83
0.38
1.74
0.13
1.94
0.86
0.28
0.01
1.25
1.56
1.16
1.03
0.47
2.53
0.89
1.05
1.46
0.19
3.00
1.14
0.10
4.08
2.34
2.57
0.40
0.24
0.98
1.20
0.13
0.64
1.02
0.35
2.35
0.90
0.09
0.88
0.39
0.35
0.09
