1.00 0.41
1.00 0.71
1.00 0.49
1.00 0.85
1.00 0.74
1.00 0.19
1.00 1.03
1.00 0.30
1.00 0.13
1.00 0.39
1.00 0.39
1.00 0.53
1.00 2.58
1.00 0.42
1.00 0.84
1.00 1.78
1.00 0.31
1.00 0.13
1.00 0.34
1.00 0.83
1.00 4.08
1.00 0.47
1.00 1.19
1.00 0.70
1.00 0.40
1.00 0.82
1.00 0.52
1.00 0.92
1.00 0.21
1.00 0.45
1.00 0.85
1.00 2.04
1.00 0.25
1.00 0.13
1.00 0.36
1.00 0.25
1.00 1.51
1.00 0.44
1.00 1.11
1.00 0.65
1.00 0.24
1.00 0.16
1.00 0.28
1.00 0.29
1.00 0.42
1.00 0.43
1.00 0.48
1.00 0.93
1.00 4.67
1.00 0.63
1.00 1.51
1.00 0.45
1.00 1.76
1.00 0.56
1.00 1.04
1.00 1.96
1.00 2.05
1.00 0.28
1.00 0.68
1.00 0.56
1.00 1.95
1.00 0.51
1.00 0.83
1.00 1.93
1.00 1.41
1.00 0.03
1.00 0.49
1.00 0.71
1.00 2.47
1.00 0.44
1.00 0.68
1.00 0.41
1.00 2.77
1.00 0.97
1.00 0.58
1.00 0.39
1.00 0.41
1.00 0.46
1.00 0.90
1.00 1.95
2.00 2.19
2.00 1.78
2.00 2.82
2.00 2.63
2.00 3.82
2.00 3.64
2.00 1.18
2.00 1.09
2.00 3.84
2.00 2.12
2.00 2.21
2.00 2.23
2.00 4.19
2.00 3.18
2.00 1.86
2.00 0.70
2.00 3.85
2.00 2.09
2.00 2.30
2.00 2.23
2.00 3.77
2.00 2.94
2.00 1.59
2.00 1.26
2.00 4.82
2.00 2.13
2.00 2.14
2.00 2.25
2.00 4.36
2.00 3.43
2.00 1.61
2.00 0.57
2.00 1.85
2.00 2.17
2.00 2.28
2.00 2.27
2.00 4.61
2.00 2.86
2.00 2.34
2.00 1.16
2.00 0.83
2.00 2.18
2.00 2.12
2.00 2.19
2.00 4.93
2.00 2.38
2.00 2.34
2.00 0.52
2.00 4.31
2.00 2.18
2.00 2.22
2.00 2.20
2.00 4.09
2.00 2.85
2.00 0.92
2.00 3.06
2.00 2.05
2.00 2.09
2.00 2.74
2.00 2.19
2.00 4.01
2.00 3.49
2.00 1.52
2.00 0.89
2.00 3.05
2.00 2.09
2.00 2.25
2.00 2.10
2.00 4.29
2.00 2.78
2.00 1.89
2.00 1.34
2.00 3.99
2.00 2.09
2.00 2.26
2.00 2.15
2.00 3.68
2.00 1.79
2.00 2.19
2.00 0.78
3.00 0.17
3.00 0.39
3.00 0.27
3.00 0.78
3.00 1.06
3.00 0.83
3.00 1.51
3.00 2.60
3.00 2.91
3.00 2.95
3.00 1.41
3.00 1.47
3.00 2.82
3.00 1.87
3.00 2.34
3.00 2.02
3.00 0.75
3.00 0.62
3.00 0.36
3.00 1.05
3.00 1.80
3.00 1.36
3.00 3.11
3.00 1.73
3.00 1.36
3.00 0.55
3.00 0.72
3.00 0.98
3.00 2.51
3.00 1.91
3.00 0.09
3.00 1.91
3.00 2.23
3.00 1.22
3.00 2.12
3.00 1.08
3.00 3.33
3.00 0.41
3.00 0.02
3.00 2.07
3.00 0.13
3.00 1.27
3.00 0.25
3.00 3.33
3.00 3.32
3.00 1.04
3.00 2.69
3.00 2.01
3.00 2.40
3.00 0.44
3.00 0.13
3.00 0.98
3.00 2.70
3.00 3.00
3.00 0.64
3.00 2.68
3.00 2.98
3.00 2.47
3.00 0.12
3.00 0.87
3.00 0.92
3.00 1.09
3.00 0.85
3.00 2.22
3.00 1.93
3.00 3.49
3.00 2.81
3.00 1.13
3.00 1.11
3.00 0.71
3.00 0.62
3.00 1.57
3.00 2.78
3.00 2.52
3.00 1.19
3.00 0.89
3.00 4.04
3.00 3.30
3.00 1.79
3.00 0.95
