1.00
1.00
1.00
1.00
1.00
1.00
1.00
1.00
1.00
1.00
1.00
1.00
1.00
1.00
1.00
1.00
1.00
1.00
1.00
1.00
1.00
1.00
1.00
1.00
1.00
1.00
1.00
1.00
1.00
1.00
1.00
1.00
1.00
1.00
1.00
1.00
1.00
1.00
1.00
1.00
1.00
1.00
1.00
1.00
1.00
1.00
1.00
1.00
1.00
1.00
1.00
1.00
1.00
1.00
1.00
1.00
1.00
1.00
1.00
1.00
1.00
1.00
1.00
1.00
1.00
1.00
1.00
1.00
1.00
1.00
1.00
1.00
1.00
1.00
1.00
1.00
1.00
1.00
1.00
1.00
1.00
1.00
1.00
1.00
1.00
1.00
1.00
1.00
1.00
1.00
1.00
1.00
1.00
1.00
1.00
1.00
1.00
1.00
1.00
1.00
1.00
1.00
1.00
1.00
1.00
1.00
1.00
1.00
1.00
1.00
1.00
1.00
1.00
1.00
1.00
1.00
1.00
1.00
1.00
1.00
1.00
1.00
1.00
1.00
1.00
1.00
1.00
1.00
1.00
1.00
1.00
1.00
1.00
1.00
1.00
1.00
1.00
1.00
1.00
1.00
1.00
1.00
1.00
1.00
1.00
1.00
1.00
1.00
1.00
1.00
1.00
1.00
1.00
1.00
1.00
1.00
1.00
1.00
1.00
1.00
1.00
1.00
1.00
1.00
1.00
1.00
1.00
1.00
1.00
1.00
1.00
1.00
1.00
1.00
1.00
1.00
1.00
1.00
1.00
1.00
1.00
1.00
1.00
1.00
1.00
1.00
1.00
1.00
1.00
1.00
1.00
1.00
1.00
1.00
1.00
1.00
1.00
1.00
1.00
1.00
1.00
1.00
1.00
1.00
1.00
1.00
1.00
1.00
1.00
1.00
1.00
1.00
1.00
1.00
1.00
1.00
1.00
1.00
1.00
1.00
1.00
1.00
1.00
1.00
1.00
1.00
1.00
1.00
1.00
1.00
1.00
1.00
1.00
1.00
1.00
1.00
1.00
1.00
1.00
1.00
1.00
1.00
1.00
1.00
1.00
1.00
1.00
1.00
1.00
1.00
1.00
1.00
1.00
1.00
1.00
1.00
1.00
1.00
1.00
1.00
1.00
1.00
1.00
1.00
1.00
1.00
1.00
1.00
1.00
1.00
1.00
1.00
1.00
1.00
1.00
1.00
1.00
1.00
1.00
1.00
1.00
1.00
1.00
1.00
1.00
1.00
1.00
1.00
1.00
1.00
1.00
1.00
1.00
1.00
1.00
1.00
1.00
1.00
1.00
1.00
1.00
1.00
1.00
1.00
1.00
1.00
1.00
1.00
1.00
1.00
1.00
1.00
1.00
1.00
1.00
1.00
1.00
1.00
1.00
1.00
1.00
1.00
1.00
1.00
1.00
1.00
1.00
1.00
1.00
1.00
1.00
1.00
1.00
1.00
1.00
1.00
1.00
1.00
1.00
1.00
1.00
1.00
1.00
1.00
1.00
1.00
1.00
1.00
1.00
1.00
1.00
1.00
1.00
1.00
1.00
1.00
1.00
1.00
1.00
1.00
1.00
1.00
1.00
1.00
1.00
1.00
1.00
1.00
1.00
1.00
1.00
1.00
1.00
1.00
1.00
1.00
1.00
1.00
1.00
1.00
1.00
1.00
1.00
1.00
1.00
1.00
1.00
1.00
1.00
1.00
1.00
1.00
1.00
1.00
1.00
1.00
1.00
1.00
1.00
1.00
1.00
1.00
1.00
1.00
1.00
1.00
1.00
1.00
3.09
0.70
5.29
0.87
4.34
5.49
4.39
0.40
5.25
0.69
5.30
1.73
2.81
4.67
1.43
0.54
5.26
3.49
5.69
0.36
1.99
0.74
0.47
0.40
0.92
3.18
5.49
0.32
4.74
1.41
1.38
1.03
0.16
0.88
3.96
1.40
3.58
2.17
2.59
1.10
2.37
4.13
0.75
5.83
0.67
2.96
4.23
1.22
2.27
0.80
2.71
2.45
2.77
5.57
2.58
1.75
0.70
1.44
0.56
0.24
2.90
3.88
0.58
0.51
0.74
3.17
4.06
2.28
2.57
2.40
1.16
1.85
0.59
4.45
1.08
5.98
0.22
6.37
0.76
5.13
4.17
5.93
1.09
4.47
2.43
4.13
2.66
4.58
1.94
2.87
1.77
5.35
3.83
3.12
0.51
3.02
5.03
0.95
1.74
1.39
2.53
2.27
3.12
5.33
5.65
2.74
0.96
0.99
0.56
2.23
3.92
1.01
2.23
1.23
1.24
5.80
3.99
1.59
1.72
2.54
1.51
5.39
2.14
6.60
3.76
1.02
3.21
0.89
4.32
4.46
3.52
5.33
2.59
2.73
2.94
2.36
5.37
4.70
0.57
0.31
2.68
5.64
0.92
2.05
3.35
3.42
5.52
1.66
1.97
1.68
6.25
2.75
2.19
0.82
6.62
5.24
2.48
1.41
0.98
4.11
6.82
0.81
0.45
3.35
4.94
4.19
1.15
1.38
4.86
4.49
1.26
0.68
4.54
5.66
3.57
4.77
2.19
0.38
2.90
5.11
0.31
4.48
3.27
3.67
1.01
2.22
2.20
0.54
4.40
3.46
4.02
1.20
1.83
3.00
5.28
3.85
1.20
1.93
0.91
0.85
6.36
2.66
4.53
3.42
6.03
1.74
4.85
3.84
1.05
3.62
1.60
1.39
3.83
3.78
4.56
1.43
6.30
4.21
0.70
1.92
3.40
5.88
2.86
3.93
1.19
1.51
5.14
1.74
5.36
4.05
6.30
3.58
4.73
0.52
3.22
1.54
0.75
4.82
3.80
5.61
5.60
0.56
4.66
5.35
0.81
2.68
0.63
5.76
3.58
4.48
0.59
0.56
0.57
2.70
2.00
3.24
5.66
3.44
5.32
0.86
2.93
3.32
0.80
5.16
3.38
5.38
5.36
2.60
3.88
2.21
0.49
5.03
1.47
5.83
3.33
5.39
0.95
1.16
4.43
1.39
3.40
2.27
3.01
4.00
4.05
4.24
3.56
1.25
5.94
3.18
2.31
0.42
5.03
0.97
5.12
1.11
4.18
5.45
2.47
1.06
6.47
4.48
5.35
0.44
6.71
1.02
1.74
3.78
1.91
1.14
7.01
5.14
0.88
1.52
5.68
1.20
1.61
1.37
2.73
2.69
1.23
2.81
1.27
0.89
1.24
1.28
2.69
0.37
1.13
3.20
2.74
5.41
4.45
1.84
0.50
5.04
5.30
3.43
5.71
5.89
5.69
3.39
1.70
1.97
1.48
4.01
4.74
3.69
0.79
3.50
1.85
0.86
3.76
4.37
1.83
0.87
2.49
5.10
1.71
1.83
6.49
5.19
0.78
0.80
1.21
2.71
1.14
1.69
4.59
5.36
0.97
5.48
4.20
0.99
5.41
3.06
1.91
4.04
4.27
1.91
1.00
3.46
3.11
3.99
2.69
1.70
4.77
0.78
4.43
6.63
4.67
1.35
2.73
6.78
2.45
3.26
0.57
5.82
1.22
2.01
5.90
5.63
0.68
5.22
5.68
4.11
5.25
2.72
