1.08
1.46
0.14
0.22
1.13
0.75
6.38
0.39
3.25
0.46
0.29
0.85
0.67
0.82
3.08
1.12
0.61
0.97
1.99
1.66
0.63
2.72
5.53
0.19
1.51
2.38
0.08
1.72
6.49
4.90
1.39
0.92
0.40
0.68
3.25
0.44
1.07
0.50
1.06
0.43
0.59
1.80
0.88
2.02
0.35
0.39
1.82
0.65
0.52
1.79
0.55
0.60
1.00
1.50
1.26
4.93
0.42
0.70
0.56
0.80
1.00
0.99
0.95
5.26
0.73
1.18
4.03
2.19
1.21
2.17
0.27
1.89
0.83
1.28
0.21
3.15
0.32
1.35
0.39
2.10
0.84
0.60
0.69
0.50
0.86
0.52
1.04
6.03
0.28
3.51
0.47
1.02
0.61
0.34
0.18
1.34
0.82
0.75
6.20
2.93
3.38
0.12
3.25
0.25
0.09
0.52
0.87
0.55
2.36
1.43
0.86
0.81
0.85
0.41
0.70
0.68
0.58
1.04
0.30
2.29
3.78
0.97
0.49
1.27
0.35
1.03
1.13
0.42
2.06
0.26
3.93
2.51
5.80
0.48
5.99
0.91
5.32
0.73
0.27
1.03
2.22
0.56
1.15
0.09
3.69
0.37
1.89
1.50
0.68
0.16
0.35
0.30
0.63
0.52
3.87
0.93
2.59
1.21
1.54
0.76
0.27
1.07
1.83
0.92
0.54
0.97
0.75
0.18
0.55
1.27
0.61
0.29
1.22
0.25
0.89
5.02
0.59
0.66
1.35
1.63
0.37
0.46
2.35
0.21
0.47
0.52
0.72
1.99
0.88
3.04
0.35
0.60
0.48
2.52
0.39
3.99
0.48
6.07
2.11
1.20
0.71
0.50
1.53
1.61
2.13
0.37
1.41
0.56
1.11
0.15
1.59
0.84
0.57
1.44
0.44
2.20
1.63
0.20
0.54
1.00
0.92
0.20
1.30
0.43
0.85
3.07
3.12
1.25
6.48
1.51
1.05
0.68
0.91
0.73
0.94
1.39
1.73
2.60
0.91
0.43
0.70
0.36
2.16
2.86
0.22
0.76
0.40
1.33
0.68
1.87
1.16
1.41
4.58
3.03
1.04
2.21
0.61
0.72
0.37
3.94
3.03
0.41
2.66
0.04
0.49
0.60
1.11
3.00
1.99
0.33
0.95
0.62
0.50
0.68
1.75
0.33
1.18
2.16
3.21
0.58
0.13
0.61
0.44
1.25
1.29
0.74
0.52
0.86
1.55
0.49
1.92
1.74
1.76
2.60
0.97
0.71
0.42
2.10
0.56
0.58
1.09
1.18
0.47
0.52
1.76
0.10
4.32
0.70
4.63
6.86
2.32
0.20
1.34
1.76
0.60
0.63
0.52
0.43
3.40
0.77
1.19
0.45
0.54
1.32
0.14
1.36
0.85
0.53
6.79
0.17
5.04
3.84
1.05
1.96
0.41
0.97
2.69
0.12
1.17
0.74
0.83
1.49
0.28
0.46
0.66
0.92
0.32
1.70
0.29
0.58
0.56
2.07
0.73
0.53
0.67
0.72
0.78
0.39
0.28
1.47
1.28
5.20
0.40
1.52
0.70
5.99
1.64
1.19
0.80
0.43
0.97
1.05
0.97
4.89
0.58
0.78
2.25
0.18
0.77
0.66
0.39
0.34
0.47
0.77
0.87
2.13
0.61
0.14
1.17
0.62
0.35
2.56
0.56
0.22
1.91
0.25
0.55
1.01
0.47
1.78
0.49
3.49
0.47
0.57
0.45
0.53
0.79
0.58
1.08
1.13
0.36
0.23
0.19
0.55
0.62
3.91
0.96
1.56
0.45
4.62
5.43
0.40
0.62
0.81
1.39
1.92
0.66
1.66
0.25
3.20
0.11
1.46
0.53
2.98
0.27
0.48
0.94
1.06
0.60
1.74
1.35
0.50
0.91
1.06
1.48
1.78
2.26
1.22
0.89
1.02
0.76
1.51
0.72
0.34
3.95
0.59
1.10
1.20
0.60
2.11
2.24
0.74
1.11
0.57
0.52
2.59
0.09
2.56
5.02
0.31
0.84
6.23
6.26
0.42
1.35
1.14
0.67
2.11
4.98
0.39
3.99
3.84
1.43
1.59
1.22
0.09
1.09
1.09
0.67
2.16
1.37
0.41
1.89
0.93
1.30
0.86
1.11
0.94
0.64
6.03
1.38
4.65
1.07
0.55
0.67
1.12
0.73
0.16
1.35
0.65
1.46
0.18
0.66
0.84
1.09
0.80
0.75
0.47
4.30
3.61
0.99
0.52
3.11
0.76
0.68
1.27
0.22
1.19
0.43
1.72
5.93
1.64
2.86
0.77
1.62
1.24
0.26
0.19
0.54
0.99
0.50
0.62
0.82
0.28
3.90
0.67
1.86
1.24
0.55
0.51
0.40
0.61
0.46
0.46
0.94
1.74
0.41
0.75
1.34
0.37
1.27
1.20
0.74
1.10
0.26
0.60
0.58
0.87
0.84
1.77
0.89
1.95
0.08
1.61
0.78
0.78
1.23
0.61
0.63
0.43
0.96
0.62
1.33
0.59
6.28
2.95
3.94
0.57
0.59
1.53
5.06
0.88
0.17
0.39
0.83
0.19
1.87
1.01
1.09
0.50
0.57
0.93
1.91
0.35
6.18
3.84
1.29
0.97
1.43
1.57
0.37
3.18
0.35
0.78
1.12
0.64
1.24
1.89
0.25
4.30
0.20
0.91
0.75
1.19
0.50
1.33
1.14
1.77
4.99
1.19
0.31
0.67
0.43
0.30
1.28
2.88
0.61
0.89
0.29
4.09
0.47
1.24
0.65
0.54
0.23
0.95
2.42
2.03
0.36
0.81
0.27
3.17
1.13
0.32
0.09
1.70
1.48
1.33
1.18
0.80
5.76
0.90
0.73
1.61
1.08
0.69
1.05
1.98
5.14
5.74
1.37
2.35
0.61
0.64
5.09
0.92
0.48
1.16
0.55
4.88
0.30
1.37
0.33
1.51
0.72
0.64
0.40
1.39
2.58
0.33
0.31
0.95
0.23
0.38
0.21
0.39
1.11
0.40
0.96
1.33
0.81
0.78
1.20
0.40
0.34
0.70
6.65
1.28
0.71
0.68
0.69
1.45
3.50
6.23
2.23
0.55
1.13
5.16
0.75
1.66
3.21
1.48
0.28
3.88
0.52
