0.4059877
0.7077162
0.4945732
0.845211
0.7419493
0.1945322
1.026008
0.3042501
0.1284158
0.3926183
0.3910527
0.5308816
2.578685
0.4241747
0.8394145
1.778187
0.3073581
0.1334919
0.3390779
0.8325714
4.081578
0.4679827
1.193117
0.7034853
0.4028462
0.8167053
0.518169
0.9188578
0.2089338
0.4474284
0.8518635
2.03645
0.2479399
0.1341947
0.3563173
0.2451621
1.507195
0.4366216
1.105383
0.6503863
0.2387441
0.1649963
0.2751393
0.2937845
0.4197284
0.4268056
0.4833585
0.9338531
4.66859
0.629226
1.514235
0.445365
1.761822
0.556294
1.044647
1.963165
2.053633
0.2788785
0.6756091
0.5626482
1.947459
0.5079515
0.8307821
1.930688
1.408268
0.0294982
0.4931233
0.713505
2.468509
0.4354522
0.6755115
0.4071398
2.771887
0.968288
0.5817789
0.3931586
0.4080643
0.4590648
0.9016212
1.946736
