2.194283
1.777811
2.81572
2.630179
3.81895
3.6414
1.176982
1.089772
3.844426
2.12055
2.211411
2.232057
4.1896
3.180255
1.864458
0.703715
3.848762
2.087532
2.303964
2.230537
3.77308
2.938093
1.588339
1.261368
4.815069
2.131623
2.135549
2.247646
4.364362
3.428637
1.605456
0.5678464
1.851712
2.16798
2.276791
2.268144
4.610707
2.86083
2.344794
1.161024
0.8257155
2.183421
2.118268
2.193157
4.92944
2.38231
2.343905
0.5164814
4.306822
2.176628
2.217376
2.195832
4.087586
2.846046
0.9224412
3.060786
2.049724
2.093462
2.741658
2.187821
4.007113
3.492285
1.520306
0.8949831
3.048918
2.091485
2.247458
2.10265
4.29107
2.775127
1.891318
1.33932
3.994395
2.094966
2.261196
2.15208
3.679232
1.788326
2.190532
0.7828925
