0.1670186
0.3915811
0.2650035
0.7803898
1.056459
0.8263855
1.514395
2.602524
2.90624
2.953546
1.405467
1.46748
2.817666
1.868606
2.335344
2.024579
0.7464993
0.6203049
0.3583057
1.047797
1.802337
1.356671
3.107985
1.729362
1.362847
0.5513743
0.7233582
0.9788581
2.511681
1.908232
0.09254972
1.907545
2.234895
1.218445
2.119396
1.084649
3.327366
0.4077435
0.02309139
2.070019
0.1283471
1.266435
0.2543192
3.327054
3.321723
1.041727
2.6892
2.010154
2.398597
0.4386529
0.1333502
0.9825531
2.697631
3.003226
0.6374285
2.678274
2.97553
2.471302
0.1170929
0.8737583
0.919516
1.093197
0.8518997
2.215299
1.928423
3.492582
2.812633
1.129451
1.111613
0.7075173
0.6190674
1.568433
2.776037
2.517633
1.187648
0.894848
4.038957
3.304513
1.788836
0.950044
