1.42
3.97
5.07
3.05
5.40
5.80
2.21
2.06
4.49
3.34
2.52
1.14
2.07
1.66
2.16
2.57
3.51
3.38
3.38
3.13
1.80
1.61
2.58
6.50
2.47
4.71
5.50
1.47
2.06
3.22
2.65
2.64
3.82
4.92
4.45
3.33
2.02
4.38
5.58
3.43
4.71
3.88
3.46
3.47
3.01
5.08
5.01
5.58
1.27
6.09
4.26
2.73
4.23
3.04
4.15
1.39
2.15
3.97
3.13
3.80
6.79
3.93
5.07
4.16
2.17
3.78
1.89
2.45
1.65
3.51
4.23
4.26
2.52
3.20
1.33
1.70
4.42
1.51
4.78
5.36
3.36
5.41
7.45
6.18
3.78
6.73
2.56
3.13
6.29
7.94
5.63
6.08
3.01
1.61
5.01
1.53
1.40
4.18
1.02
2.47
2.30
3.42
6.72
5.57
3.92
2.70
3.00
2.90
1.92
3.05
4.15
0.89
5.75
5.67
4.61
5.22
2.60
3.72
4.49
5.12
3.83
2.59
3.62
4.19
2.10
3.77
6.81
6.95
3.52
4.22
1.94
2.14
4.20
2.99
4.53
3.68
7.30
6.24
3.21
3.02
4.03
3.55
1.95
4.12
1.39
4.61
1.65
2.77
2.76
4.46
1.74
5.86
7.50
8.44
1.76
1.50
6.25
1.57
5.65
3.02
0.81
1.85
4.10
0.87
2.82
4.93
5.23
1.43
3.57
0.73
1.26
3.43
1.77
4.70
4.72
6.39
2.92
1.64
1.69
5.07
4.33
2.82
6.78
7.97
5.56
4.37
6.62
2.83
2.73
5.13
1.39
4.05
2.36
3.65
1.99
4.28
2.47
3.70
2.33
1.63
3.47
1.59
7.99
2.36
4.78
2.06
3.29
6.16
5.89
1.55
5.28
1.79
1.51
1.72
2.60
4.87
5.24
2.51
1.94
1.47
3.11
0.58
3.15
3.14
3.69
4.15
6.44
3.18
1.41
4.70
0.97
2.19
1.48
3.53
2.28
3.14
3.72
6.68
4.26
2.83
1.88
3.72
3.38
3.36
3.94
2.39
4.60
1.41
3.72
5.76
5.13
3.72
2.24
0.77
1.89
6.11
7.23
8.04
4.17
4.35
1.61
2.55
7.86
4.71
2.44
4.32
2.99
4.40
1.89
4.59
5.42
4.62
4.12
3.72
2.52
1.34
3.93
1.61
4.60
6.79
7.66
0.61
1.99
4.22
5.98
3.97
2.72
4.24
3.61
4.62
3.38
3.79
4.66
1.34
3.16
4.30
4.63
2.50
3.55
4.63
3.22
1.04
1.46
4.12
5.37
2.75
6.60
3.80
2.95
1.75
4.10
2.53
4.66
3.27
2.52
4.65
5.55
4.60
1.60
2.93
2.29
7.88
3.98
3.88
0.66
4.12
5.33
3.89
3.78
5.04
2.79
1.75
2.98
3.21
1.94
7.60
3.01
3.69
4.94
5.50
2.49
2.10
3.30
3.77
3.37
1.50
4.67
2.85
3.00
3.09
3.15
4.24
2.41
6.45
6.00
2.26
5.34
2.71
2.38
5.69
4.57
1.64
2.68
4.70
6.76
5.87
3.26
4.61
2.35
3.76
6.37
6.51
1.56
2.67
3.88
1.89
4.60
3.64
6.82
3.18
4.54
4.60
2.59
1.26
4.73
4.77
3.67
3.38
3.43
0.59
1.34
2.60
5.12
3.92
2.38
2.06
0.95
1.30
3.16
8.28
3.97
1.44
5.50
5.77
1.92
3.40
5.04
3.28
4.01
5.00
4.54
2.43
2.93
1.76
2.37
4.10
1.44
4.30
4.39
4.33
3.84
4.35
1.01
0.60
5.90
5.14
2.81
5.27
5.11
6.10
1.42
0.91
3.99
3.84
1.21
2.14
5.73
2.62
4.20
6.33
6.63
2.86
4.13
4.63
5.57
5.52
6.72
3.41
5.83
1.74
2.08
3.89
6.45
3.41
4.05
3.72
2.02
3.80
6.68
3.48
2.76
2.65
3.49
2.75
3.28
4.77
6.83
3.53
3.33
4.76
4.45
3.88
3.33
2.73
3.50
3.53
3.74
3.48
3.14
3.58
3.93
1.46
4.72
5.54
1.49
3.14
3.22
3.37
4.10
2.82
3.72
6.57
3.38
3.75
3.38
4.21
3.34
6.94
5.89
7.17
1.79
4.25
1.97
5.98
7.01
3.98
0.62
6.12
3.52
2.91
4.39
2.01
3.82
6.03
2.44
1.07
2.40
6.48
3.95
6.94
7.61
4.49
2.97
3.79
3.91
3.07
4.79
1.45
1.82
4.51
2.26
5.03
0.49
2.26
3.72
0.72
3.71
1.17
4.13
5.17
2.09
3.19
1.36
3.60
1.47
0.83
2.14
1.64
3.79
3.20
2.24
4.76
3.47
4.50
7.16
2.41
2.93
1.74
3.09
3.41
4.05
4.34
1.67
2.48
0.91
5.08
4.05
3.79
4.07
2.42
4.19
4.95
5.02
2.52
3.04
4.28
1.99
2.16
3.19
3.66
7.46
2.60
3.24
3.20
2.69
4.87
6.91
8.33
3.26
3.55
4.39
6.28
1.82
1.82
4.44
4.14
5.92
1.88
0.82
0.21
1.03
2.38
2.94
8.60
1.68
1.70
2.88
3.74
1.93
0.93
1.51
3.48
2.74
0.90
2.58
2.10
1.51
4.96
2.07
2.43
2.62
4.40
4.23
3.42
1.40
3.34
1.56
1.56
3.08
3.05
3.89
4.01
2.34
1.86
3.39
3.95
2.43
2.36
3.96
3.19
1.47
1.68
5.50
3.55
1.98
1.18
4.96
1.40
5.27
1.48
4.47
5.80
8.52
8.59
4.62
5.68
1.33
3.00
1.85
2.37
5.56
5.20
4.65
2.61
1.18
3.35
2.10
3.76
8.04
1.76
3.18
3.26
6.25
4.02
3.70
0.89
2.63
4.94
3.73
1.39
4.37
4.98
5.88
7.03
1.51
5.48
3.27
4.68
1.53
2.98
6.10
4.95
7.62
7.74
5.41
1.67
4.43
5.84
6.73
1.82
3.51
4.58
3.05
3.17
5.65
8.44
8.14
7.07
3.29
3.55
5.93
4.04
6.22
7.02
3.84
4.10
2.15
3.92
5.12
3.39
1.55
3.14
3.67
5.27
4.72
2.28
3.21
2.24
1.61
2.78
0.86
4.91
7.66
3.73
2.99
4.03
6.27
2.27
1.63
3.02
2.69
8.22
3.18
0.83
4.46
4.41
1.86
2.64
4.25
6.07
4.17
3.91
3.23
1.30
2.11
3.97
3.09
5.78
1.22
3.75
2.23
5.01
3.43
3.58
1.71
2.91
2.63
2.21
4.42
3.60
4.95
4.35
6.58
5.76
3.84
2.95
2.99
3.06
1.89
3.91
3.58
3.84
0.12
1.67
6.05
4.16
2.36
3.77
6.38
7.06
5.72
6.42
4.11
0.96
5.87
6.19
4.88
3.01
3.24
4.97
3.70
0.34
1.93
2.63
6.59
3.96
3.58
2.79
1.83
2.70
3.79
2.69
1.59
1.62
3.19
3.75
7.31
2.32
3.80
3.73
3.94
4.15
3.08
3.90
1.76
2.91
1.15
2.91
2.36
2.45
3.28
0.86
3.98
5.15
1.31
1.96
3.45
2.43
1.88
3.67
5.70
6.33
7.92
1.57
2.92
5.71
7.82
3.67
3.31
0.88
3.45
4.00
5.69
1.70
4.53
1.74
4.06
4.98
5.01
4.57
3.80
2.72
1.16
2.52
3.05
1.48
3.05
4.11
3.56
3.77
2.91
3.38
3.16
4.70
3.23
1.42
3.19
3.59
2.12
3.41
1.74
2.79
1.56
4.70
3.01
6.03
2.87
0.50
1.40
3.99
3.66
6.04
2.97
3.49
0.66
6.50
4.25
1.91
2.17
1.84
2.94
3.68
4.74
6.32
3.30
2.84
4.98
2.43
4.06
4.07
5.06
3.82
3.70
4.43
4.14
2.16
3.83
3.19
3.66
3.29
0.75
3.94
2.41
0.48
4.60
4.93
1.29
4.22
6.08
4.14
1.36
4.36
2.81
3.93
2.95
2.86
2.16
4.13
1.58
5.15
4.64
2.62
4.91
5.79
4.89
7.09
1.87
3.59
0.66
1.62
2.76
4.00
6.29
5.85
0.62
6.03
3.35
3.49
4.20
2.83
1.74
5.24
5.38
3.92
0.97
0.81
2.06
7.58
3.67
4.68
3.01
4.72
1.46
1.47
5.40
1.91
5.27
4.91
5.21
2.21
3.12
3.18
1.61
3.14
4.03
2.58
2.80
6.16
3.15
1.10
1.50
3.82
2.69
2.58
6.28
5.47
2.15
7.13
2.82
1.63
6.47
3.36
4.19
3.82
4.88
0.38
1.38
1.64
5.81
7.84
6.72
2.82
4.47
3.67
2.10
1.63
2.82
6.51
3.80
2.91
3.14
2.97
2.59
3.50
3.14
4.11
1.67
3.47
4.02
1.46
5.23
1.38
2.48
3.79
3.62
3.92
2.25
3.40
3.43
6.88
6.41
3.13
3.08
2.66
1.44
4.05
3.66
4.91
5.50
3.02
1.12
1.30
4.81
4.71
3.01
4.93
6.15
4.44
4.52
4.49
1.98
1.11
4.10
3.76
2.61
3.46
3.05
0.94
1.90
3.32
5.50
7.04
1.28
2.60
2.48
0.67
3.22
3.47
4.75
7.51
4.94
4.21
4.10
5.89
3.60
3.15
3.63
2.91
2.49
1.03
7.04
1.72
2.73
6.48
4.94
4.93
2.95
1.08
3.36
2.49
1.50
4.69
2.32
1.24
4.81
5.33
3.36
1.39
3.55
3.70
5.05
2.48
1.11
0.39
1.81
4.84
7.90
2.74
6.69
4.63
3.46
3.55
4.09
3.83
4.00
2.81
3.50
7.64
2.08
2.00
3.21
4.19
5.07
6.64
3.95
1.42
3.76
6.73
5.14
3.43
4.14
6.48
0.90
6.76
7.96
4.96
2.28
5.15
5.03
1.35
6.83
7.47
2.69
2.56
5.30
7.75
8.26
6.86
5.34
4.86
5.97
4.41
5.26
3.18
1.99
1.61
5.34
4.86
4.05
2.10
7.34
6.04
6.36
5.89
6.48
3.16
4.09
3.28
6.03
4.71
4.94
3.63
3.25
0.16
4.86
5.30
1.41
1.40
3.66
2.91
3.48
1.12
2.66
1.36
3.94
3.12
3.55
1.00
3.71
2.74
2.40
1.17
2.88
6.23
5.37
7.28
3.98
5.62
4.79
6.52
3.78
7.93
6.59
6.00
1.98
2.66
6.23
4.21
3.74
4.82
3.83
2.53
3.53
7.08
7.29
3.98
3.33
3.84
0.60
2.67
2.80
7.50
5.55
4.57
3.15
0.72
4.32
6.15
6.78
5.92
1.47
5.06
5.06
1.41
3.53
2.73
0.60
1.83
3.80
4.13
4.94
5.72
