1.12
1.26
0.55
0.75
1.49
2.22
1.15
0.98
0.68
0.69
1.49
0.72
1.68
0.31
0.11
8.32
2.73
1.39
2.24
1.14
2.27
4.01
2.28
6.06
0.58
3.41
3.62
4.07
4.08
2.32
3.21
4.06
2.95
3.86
1.97
2.64
0.86
2.32
0.75
3.52
3.21
0.37
3.72
1.55
4.85
3.50
2.77
3.36
0.78
0.48
0.46
2.55
1.81
5.84
1.99
1.51
3.95
3.70
3.60
4.27
2.63
2.50
0.94
1.28
0.76
2.21
1.46
0.64
0.68
3.76
4.06
2.34
2.07
2.71
2.58
1.44
4.21
1.19
2.40
3.08
3.00
0.47
5.92
5.99
0.25
0.32
3.52
3.24
0.79
0.71
1.35
0.60
2.18
3.34
7.11
2.61
3.64
3.26
3.97
3.97
3.12
1.51
4.57
0.52
3.63
3.13
4.90
2.71
1.33
0.93
1.51
1.10
5.37
2.17
4.13
0.78
2.05
2.58
2.50
1.99
1.91
4.09
1.86
3.09
2.36
4.08
1.54
3.64
2.21
4.07
1.68
1.25
1.34
2.63
4.30
6.50
6.69
2.46
0.83
1.03
1.00
1.12
2.87
1.47
3.86
1.34
4.13
3.64
2.31
0.63
1.83
0.92
1.14
2.22
0.67
0.32
0.68
1.91
2.83
3.14
1.63
1.93
4.32
0.61
3.20
1.83
2.60
3.05
3.96
3.31
4.52
1.55
3.40
3.40
0.15
0.95
0.51
0.55
2.20
5.09
2.46
2.74
1.17
3.03
3.41
4.90
4.43
3.62
4.42
0.93
1.34
3.41
2.03
0.20
2.41
2.34
2.30
0.45
1.41
4.41
1.76
4.74
0.37
1.99
1.99
3.61
4.25
3.56
0.38
1.51
1.71
1.57
0.65
3.98
5.21
4.22
0.38
4.05
3.02
1.72
3.27
2.58
0.87
1.74
0.26
4.45
2.11
1.57
5.21
2.71
0.93
2.75
3.86
1.45
2.21
3.33
1.94
3.01
0.76
0.97
2.78
5.29
3.98
0.96
0.61
0.73
3.91
2.94
4.13
1.90
0.56
1.67
3.98
6.25
1.43
5.09
0.96
3.73
2.89
2.54
1.22
0.84
0.77
2.22
1.51
1.38
2.30
1.88
3.59
2.09
0.59
2.22
4.27
3.17
4.19
3.25
4.46
2.19
3.53
2.13
3.67
1.07
2.62
2.74
2.29
2.73
0.20
1.48
2.89
3.75
2.98
4.01
3.51
3.36
1.08
1.34
5.02
5.35
1.05
2.21
1.09
2.40
0.58
1.33
4.62
3.66
2.61
3.96
3.03
3.91
4.15
3.10
3.52
0.58
2.20
3.83
0.22
0.65
0.31
1.41
2.30
1.42
0.55
1.83
1.57
4.98
3.88
6.50
1.68
1.83
0.70
0.55
2.89
3.15
3.31
4.45
4.67
1.22
4.29
1.17
0.74
0.53
1.09
1.02
4.09
4.08
1.95
0.58
1.52
1.71
0.95
3.80
1.35
5.50
1.61
3.41
4.40
1.15
0.40
0.18
1.21
2.29
0.36
4.00
3.60
3.51
2.19
0.48
1.17
2.37
0.29
5.00
2.74
2.02
2.18
2.85
3.29
2.04
1.87
1.32
1.34
5.32
4.70
3.98
4.24
1.66
1.63
1.96
1.73
0.44
1.06
4.60
1.87
0.18
1.97
1.89
3.20
3.48
4.68
2.03
2.65
1.48
0.79
2.79
1.84
3.52
0.85
1.54
2.78
2.11
1.96
1.52
6.76
3.99
3.23
2.35
1.44
1.05
2.97
1.26
4.05
2.78
3.72
0.94
0.67
2.18
0.86
2.78
5.02
4.01
4.15
1.51
1.71
2.07
3.67
3.85
0.20
1.06
2.91
0.16
1.18
1.44
2.76
0.57
4.28
3.45
3.03
4.59
4.90
2.02
0.83
4.83
1.17
0.67
2.03
2.26
0.33
2.75
2.04
3.88
6.69
7.97
0.78
1.16
4.15
2.39
1.99
1.08
0.48
1.50
0.35
4.33
8.12
1.59
7.92
1.72
1.72
1.16
3.68
1.85
1.27
3.27
3.26
3.58
2.14
0.28
1.35
0.44
1.24
2.10
0.35
2.08
2.86
1.65
1.17
1.13
5.38
2.89
2.41
1.96
4.39
1.48
3.30
0.73
2.15
4.48
3.29
1.19
2.29
1.13
0.66
2.42
3.14
2.47
2.28
0.33
1.67
1.75
1.76
0.64
1.13
0.48
2.43
4.34
2.01
3.24
2.73
1.08
3.58
4.72
0.26
2.72
0.92
3.96
7.04
3.52
1.35
1.18
1.29
1.14
2.50
3.25
1.72
2.54
1.17
0.72
2.99
1.49
2.04
2.58
0.85
1.50
1.66
3.79
0.54
0.66
4.27
0.59
3.31
2.63
1.68
1.07
0.68
0.46
2.66
2.74
1.58
2.60
0.41
0.84
2.51
0.63
0.21
1.84
1.40
2.03
1.91
2.15
2.90
3.51
1.99
0.64
4.09
3.67
4.19
0.56
0.38
2.45
0.92
0.64
1.92
2.64
1.90
0.87
1.01
2.52
3.31
3.38
2.15
2.19
1.05
0.66
3.13
1.70
0.60
2.59
3.99
2.28
1.91
0.53
0.68
1.18
4.01
4.91
0.17
1.42
4.71
1.75
2.89
3.00
3.71
2.66
1.64
4.12
3.79
2.06
1.54
2.55
5.05
0.96
2.41
1.59
3.01
1.56
3.74
0.85
1.19
1.63
0.88
0.65
0.43
3.64
3.03
4.72
2.36
3.86
2.24
2.64
3.56
1.24
3.22
1.88
0.87
0.31
1.24
0.28
0.64
1.84
0.95
0.90
4.00
4.03
2.70
1.84
3.83
1.52
1.40
0.84
3.07
0.71
0.20
1.30
0.33
1.14
1.77
4.05
4.27
6.50
3.17
2.10
0.20
2.24
4.12
7.24
2.15
5.47
3.34
0.69
0.21
1.70
1.57
1.40
0.35
2.36
2.32
3.66
0.97
0.97
0.39
3.32
2.28
1.14
0.14
2.33
2.32
4.03
0.57
1.12
0.32
4.16
0.61
0.86
2.12
1.77
0.58
1.30
2.03
1.68
2.51
2.95
3.56
6.66
3.52
0.86
0.90
1.62
1.17
1.06
0.95
1.27
0.45
3.31
3.78
1.37
0.68
1.17
3.95
4.22
1.56
1.21
1.26
3.23
4.05
0.94
3.05
0.62
5.13
5.08
0.89
1.95
4.71
3.94
2.98
2.89
2.24
5.01
0.48
3.26
3.09
4.57
2.00
1.24
4.35
2.81
4.03
2.92
0.72
1.58
3.63
4.15
1.49
0.68
1.34
2.27
2.96
3.06
3.37
4.25
4.39
2.53
5.10
0.82
3.91
1.17
3.16
1.19
1.23
2.93
0.47
1.05
0.24
1.76
0.79
4.65
4.57
1.09
1.68
2.17
3.23
3.60
3.57
1.23
2.18
2.43
0.68
4.84
5.29
5.91
0.87
0.23
2.74
3.63
0.46
2.92
3.90
1.98
0.99
1.88
0.53
1.80
5.10
4.52
1.62
1.95
1.64
2.50
0.35
0.19
2.53
3.08
4.67
3.33
1.51
3.90
4.15
1.71
2.07
3.84
4.22
5.87
0.90
0.76
0.37
0.57
3.68
1.84
0.83
0.73
0.45
1.90
1.81
1.18
3.09
1.84
0.50
3.46
2.92
2.58
3.87
3.75
2.27
2.88
0.35
1.19
2.91
2.97
4.76
3.03
3.92
3.17
2.79
2.34
2.25
2.87
1.19
1.44
0.52
2.28
0.84
1.56
1.52
5.04
2.42
3.39
3.93
1.58
0.76
3.33
3.42
5.35
2.43
4.32
7.67
2.77
5.91
4.45
4.70
0.24
3.40
2.71
1.81
0.84
2.42
1.52
3.65
1.80
3.60
1.48
4.20
2.80
1.88
0.43
1.78
2.23
1.73
0.84
0.65
0.48
3.60
3.01
2.93
4.21
2.98
0.77
2.67
1.46
0.48
0.49
1.15
2.63
3.11
3.92
3.50
1.59
1.47
4.11
4.37
1.98
1.30
1.92
1.59
4.53
1.97
3.93
2.28
1.25
3.49
4.12
2.96
4.24
1.43
3.97
3.07
3.32
3.08
1.29
0.57
1.84
3.77
1.51
1.45
1.71
1.86
0.51
0.41
1.82
1.13
2.17
7.31
4.40
3.50
2.03
3.47
5.49
2.01
3.43
0.32
1.84
3.10
1.74
0.93
3.51
4.66
4.49
4.18
1.69
1.52
1.68
4.38
1.98
2.21
3.41
2.62
2.31
2.59
3.96
0.69
0.79
1.31
1.15
2.65
3.67
2.76
2.07
0.85
0.46
2.97
3.94
2.52
1.23
0.91
0.22
2.15
2.70
1.45
0.80
0.81
2.27
2.31
1.42
2.71
1.94
2.13
2.73
2.44
2.94
4.06
3.12
0.90
3.27
0.74
4.16
2.58
3.03
0.78
0.29
5.50
3.33
2.55
3.65
4.27
4.10
1.24
0.71
1.20
0.67
0.23
0.77
3.10
2.30
3.41
0.81
0.52
1.03
1.02
2.83
2.46
2.64
0.47
0.69
2.16
0.82
2.97
3.10
4.05
0.98
4.38
3.53
3.32
1.01
2.33
2.19
1.57
1.12
0.56
1.14
0.31
3.13
1.92
1.95
3.00
1.59
2.82
1.16
0.69
1.08
4.30
5.38
1.02
1.50
0.59
1.00
2.47
1.86
0.27
3.12
2.34
3.72
2.34
3.27
2.29
2.77
0.85
4.77
2.81
0.25
2.39
4.70
1.38
2.09
2.39
2.64
1.87
0.96
0.87
0.25
0.81
2.21
0.79
0.35
1.82
0.63
0.25
0.43
3.49
2.15
3.02
4.73
4.02
4.68
2.92
1.69
1.95
3.73
5.39
4.09
1.81
1.49
2.95
1.68
2.87
1.72
1.46
1.82
0.70
2.25
2.20
0.33
1.83
3.80
1.90
1.08
1.04
1.09
1.61
2.96
1.02
1.21
2.89
2.23
4.94
3.19
0.16
2.45
2.21
2.45
2.06
2.97
1.84
4.47
0.68
1.38
2.57
4.17
6.43
4.20
1.81
0.74
0.82
0.69
2.84
1.31
1.30
3.49
0.94
2.31
4.46
1.33
3.99
3.13
0.54
0.91
2.27
2.33
3.91
3.08
0.16
4.88
3.61
3.45
2.98
0.38
2.37
2.35
4.01
3.32
4.14
0.95
0.85
0.95
4.98
4.00
7.71
4.86
4.75
0.71
3.72
4.99
0.63
0.67
2.33
3.47
3.57
5.04
4.05
5.60
2.11
0.11
3.90
3.43
0.57
0.68
0.83
1.14
0.48
1.57
1.78
3.30
0.34
1.69
2.00
1.72
0.51
1.70
1.54
3.21
3.21
3.24
3.39
3.03
0.32
0.97
3.54
3.19
