2.068822527667063
0.4250505529818469
2.065518923211623
4.058055320221755
1.737893034416768
3.399646064063748
3.5028149281154835
5.840617431736761
2.8079162093137104
2.821871243590829
4.448781385805589
5.867767046291104
0.3065906211508285
1.8366411761495178
1.724259487506256
3.083597417971515
2.612101461913227
0.512435462047956
2.6714607634980663
0.9066179509739757
4.295384860307901
2.90454758118256
2.9426295471536545
1.161571589238627
2.7310574983581253
3.302936739054814
3.882748767646186
3.5136660516836096
3.2976880898570355
1.888556632949695
7.023142811849092
0.4702975378366975
3.5054565464352194
3.3805631492262282
4.850074080118625
3.8977214319867333
0.1253143341328196
1.919853692442406
3.2310677541303425
1.6564290238072596
0.9971936234857699
4.0434964315227315
3.1474407062304444
3.803764961498561
3.81754148681662
0.5003507983545395
2.6071157475178808
2.1900376962783428
4.207058657590567
1.3802354233072907
1.1817761923731185
0.2149819026674572
2.2671607020822973
3.7365368857014793
3.360138889550808
3.132578052974683
0.23344613456324145
3.097136648595957
2.1407802065604753
3.3970983840512683
5.835173614787305
2.131555581015307
3.529511908869296
3.378121685494068
1.0648450908928315
1.9548444895246975
1.7670035245739524
2.316800080982773
3.9940006703770625
0.5793940771355249
0.2786475621855303
2.992541422452239
2.699791555148036
0.596878450170151
1.7335889371646656
3.330448984485986
2.666991175874916
3.238457817608218
1.379097647181705
1.1581247734698124
1.3462559105308787
1.2975472542168938
1.6611948628459066
1.5393624847111758
2.74572646495395
0.8177637226874873
4.59702154418753
1.9846387572183386
0.3991150357947662
1.871528314870688
2.3723936629921365
3.1693988342818247
3.1068684999266387
3.8833700340042085
3.349293589528179
1.6285661549117472
1.977417196472101
3.542548103131113
2.883056532424206
0.31531824330456004
5.2203574379014555
4.2050210266638315
1.3760981324669188
1.649875119099061
2.4089474375751685
2.668232168148759
3.8752272124036904
2.761295489270689
3.32073804397094
3.324501544560675
0.3435061528219033
1.239328968014609
0.5292604808383635
1.2633092083976216
5.591742164480297
3.1910357499709376
2.649930369472617
5.044521076909908
4.142809674448158
1.722777812117276
1.0914080887250703
4.112055260336581
3.7718130004746917
3.3294516534986465
1.004157972737046
2.990757265441862
2.5364102599225777
2.8009420318356866
0.7627468763474234
0.7796588002314079
4.368026987757365
3.969891028999802
2.6196006134163152
2.6838509582082644
3.3580784320931008
0.3022342210172659
6.535051123445198
5.0355222593122075
1.262849991327907
2.4941187733583083
0.1387861174045525
2.727228589132819
3.568307438432491
1.2315401467820066
4.544814278318446
0.820211681449829
4.1856281173396725
4.450121753684664
1.912342994139503
0.08757559291055436
4.0558823154337516
3.6985292706093764
1.4695859630467913
1.463277869716006
2.4370853366630385
0.6893577070377447
1.5185964820591868
2.6784145306762626
3.300187472322958
3.449452328591071
3.44970391846024
3.139934986008941
1.6593242788207545
4.622687496108761
3.187572574562463
2.6645587862570776
0.5950646324041021
5.177432376094671
3.9763286669967486
2.242417160041612
3.895626092420845
2.1993582916525987
2.292613203553035
1.1974165100864382
2.906122947977341
0.42053012281464747
4.052478694303464
0.449419724351266
1.7712936994602473
3.8858669169483253
3.2934595557208994
1.1188090982192553
4.876765293543298
0.3764056846672724
3.4044693068404546
2.9425104532574182
2.275546516787991
2.9174304090742216
6.251370486052324
3.8183323652842587
3.815456707973587
1.0378642230694473
0.11527188674767326
2.319268325352828
0.6260217852219493
4.402168922009385
2.784662483918505
0.6833736181794507
2.1510159171605223
0.3215198010935666
3.097343778974822
2.3730858747032944
5.414956477793943
2.093792609436372
4.02712623178325
1.696175928115527
0.23166348071056359
7.52453487726006
4.338799554558854
1.8912826551894142
0.6698709024096858
5.037903453543835
3.7669357635575196
2.2556119333642286
8.642720988732137
2.2386137171420266
4.072067617596938
3.5637352300466927
1.095971821931654
2.082799998088637
3.256767562074968
3.3312875580885732
4.2703391399343875
5.486539075905614
6.682698288714216
1.9434091661379178
3.865785730551565
3.915888462479051
3.3831243664525554
4.211375294785156
2.090779034462655
1.6634715285910002
4.048842004371421
3.0533838270913938
3.59022324453752
1.7617913383828998
3.30794034245284
0.34485581323230596
3.2755661886982947
1.1500992366152234
1.074425415806366
7.203486827184145
4.798346031136511
2.229972719374145
3.243333008976843
1.7817926066156193
0.8635836606886554
1.7895167362593967
2.1971353945272853
1.3793920055772924
1.528194760517663
2.5636520377649292
2.350026474657788
2.3450847511404307
3.82452207108347
2.9187737857052514
2.9474756853754287
3.8914449005671816
2.7292427270135082
0.43320941144688196
7.625239867165483
0.7457465482309493
1.43263922179935
3.2350403584070624
3.362955843475773
1.5644481471642335
3.127673894558589
1.9240494868124394
2.893063756267155
2.245907464351581
0.2962917054294347
1.5742795310120403
2.348214763119711
3.808758294899932
2.000477164193911
3.0828447040630866
0.43545371698803753
1.263133802320311
3.8922982046416013
6.362491893497867
4.375508592321871
3.2032080779401135
1.3039787862102628
3.7138837607197326
1.1471892718529018
1.3954059642205074
1.7527534824388835
3.866414518761033
1.7623737634475323
2.305216976781824
0.44011283685710184
3.4210886768339375
6.9914769159059
0.8526443461620943
7.02297712248216
2.9343912894830875
3.4793235145244124
1.5920085611626862
5.691492345530917
1.592396947994512
3.1907709021715758
4.454807758130434
2.5725611467155134
2.0401001417344093
0.5845654555203696
4.292168170846413
2.3541805307240473
3.282236851733988
2.8629003168097236
0.638469128491085
2.3053670345937545
1.2185823374611156
3.8377340742332384
1.5287149371901962
1.7263854669563605
0.8021606717666446
1.9074101044203142
1.0571639875536687
1.9063216605536533
2.4439423689559683
2.383237714822883
2.392744321823209
2.7831578191946753
2.6249258808661105
3.199264460946006
3.038934540993815
2.21188116640367
0.7900914930953253
2.178802572085013
4.877746660411932
0.865258788826094
2.7538792937181937
0.5887373261946576
0.6538563864220228
2.816346096525634
3.110377935041655
3.976460260627225
2.446957478832228
1.5586307756925564
0.12763354999510476
4.410425666958645
0.7269199724242479
2.560350111907452
4.0907187191512175
6.322411668318565
1.7914973011451274
4.520674580561824
3.8312291741094757
4.131582134348154
3.039380145209999
6.46908945965303
5.108589070065455
2.260951974086893
4.227269483673679
3.3690454739582782
2.9961751459910437
1.916541676753449
2.9487648424512094
1.0154137852444673
3.639204741075273
0.8091190062966528
1.39033826820232
1.7377570338451633
1.989579074527676
0.6235281205184604
1.0196370878669718
1.4932713436210474
4.492406397182776
5.208385109114921
1.705673127483981
1.1168235842795606
3.305477477016218
0.1179372858703938
3.7978151367416553
1.719918983018519
3.527287097572868
3.368643933338433
4.74871638312795
1.5535830829682824
3.495952862398024
0.01106508292886073
1.7172279907848762
3.7762742806966827
2.70049256190973
2.331401444908038
3.1343863417276823
0.2566275663157821
3.69904936783937
0.4470874176147326
3.144069161183353
2.4213397207172993
4.108035881350641
5.694473649337352
0.6784658528333475
3.0326810478850073
4.234465331974018
4.109817001335186
4.313966592536505
3.8778516494338056
3.8275842968246963
0.5465924969246524
5.022267399263686
6.320974772602702
3.006756181012488
4.257659480889665
3.7400274790360917
3.3820261017838864
2.406858105483127
0.8127941716717014
4.207954290287077
2.791327087978658
2.9726137362876464
0.6544932902913247
3.9457351289747122
2.0722824362834236
1.9644296717101861
2.6126018704601335
4.848484330654121
4.3553346931315495
0.7662308361820924
0.5487379261914436
4.6771290018798215
3.0155329498410572
3.2156080161392593
0.34946138669542776
0.3451766123554636
4.269701225308692
2.41455472247256
2.575256457285382
3.2376906912242482
2.864490362767623
2.5476437794912816
3.2627813246133734
2.8742172302800455
2.5526479992489306
0.3538377823021646
5.101660744402216
2.4693166495239556
1.625622440508239
1.3493859569775888
0.7155189654274918
0.762481778166456
2.382279083428618
1.8250263284756312
2.9458710305419666
0.16491326021895805
5.750495432226554
2.7365930499999043
0.6096008437163537
5.950760494417301
6.9260686490622945
3.2335721118794347
0.9413951346017987
2.820711757992557
2.9361714637018483
1.8164291219837023
3.5179145186295164
3.759363444337762
2.0006919775391636
1.079434328994159
2.882467461680991
1.7105431921714158
1.6738225869810608
3.3106487157445392
4.689428382677897
0.35947928997003664
1.0924723354312602
0.29210557800967585
2.3173088903384964
3.594973779313292
1.5109491475999173
1.2301649471453624
1.9026355276161315
2.479960780688461
2.555124301082174
1.2815041883178158
3.2166931585529532
1.7124847800959937
2.4235808872258557
3.8093026252266986
6.753762319527883
5.688388181804565
0.6334641970225119
0.8984359166397785
2.779663617714283
4.007482723566533
0.4673707317796143
2.2848659509934635
2.153652525194309
2.4990183612174492
1.9403368040319993
0.11164663678782823
4.520242404659374
3.213256595276029
3.732785490728685
0.2810181257270103
1.7942667455363943
2.548717634382369
0.8901519931270826
3.818969359938638
2.223723502259323
6.897004395164411
7.995671738198636
3.6365867552777744
7.127545914933229
4.44893801970348
0.07055513584569152
0.9492641411121
2.9655854278096574
3.044200683796445
1.7556684374634164
1.745509176554095
2.3874294561986
4.099529620298046
1.9037368039631593
3.464723956352483
3.259490487477723
1.8386856638243374
1.657760226087147
2.3647099638718716
6.017115818902773
7.223638811652264
0.6850617563428968
1.6418919545278292
0.28695238639230924
2.262604950593031
3.880731027213024
0.5094455931662523
2.9534851829215314
0.7806265681074049
2.2097366480909715
5.739020087770942
6.598121338032115
6.474078474210779
0.9625485393023867
3.0540356097276846
3.6974307837299096
0.8706087852256428
1.8291280534503596
2.268172790768437
2.72240500374084
0.6213344845173958
3.569251109522453
1.4579774283809013
2.6902478612483534
0.5418209403525714
1.6439076232273224
0.35576888483234115
1.0644997309438462
1.9692982238838805
1.563095374384437
3.2842587535808345
2.991567701201025
2.702747523717147
2.4672906228727545
3.0320827214447905
0.35391854774757076
2.4720286805617206
2.992065333608688
1.520809330774982
4.3916669066236205
3.445595806747102
4.478296075169858
0.49324335310366785
1.4716529042478363
3.297540167808492
0.7570100759433888
1.6107833862734284
1.026361578010973
2.122742446942019
3.117156152958277
0.2706022887429048
6.847852117284124
0.40115450673687886
1.7135044323117827
2.2508377528951353
0.25411653717296256
1.8640156406080022
3.3725821773288147
1.8441274878217442
0.43093205840622917
1.3070503149784853
2.04791619782729
0.8457317645796856
4.123440700141687
1.8647741096480457
1.0250584179623916
3.401735386509654
3.9466377712277323
4.015135243675871
1.8630185804906139
2.1084833158184377
1.04683529770906
3.587123501736769
0.8452915638086884
3.0710273288646373
3.0951155188031345
3.1266288372197386
4.147629225468707
3.473610396085456
0.7308432060958403
1.5028061144681897
2.81796516551395
3.8901477341762427
4.574134450502173
0.8564789366478648
1.6845221233377974
1.5783363192912168
0.8922965689146097
2.9635612889030134
1.035578221978603
3.2006446453070247
1.1483902242860473
2.072719575719049
3.01637261384323
0.10277280405564221
4.32799082153531
0.5627928239158342
0.24027377469475486
4.1530397095623774
2.580981723476217
2.7260023825498996
2.5723445564610072
0.8009378773595751
1.360155072149839
3.787151932708642
3.880971960388052
1.8839203912894567
0.6475120171303064
2.0655863625818536
3.1476641863696684
1.867285989365621
1.6949840008831323
3.761265204353027
1.678925405145431
3.903438956203255
4.592125329542643
0.7942726272044126
3.236120121630154
1.590817256963548
3.3778252390860626
1.1467814324309085
2.2222284402624677
2.564048906489701
3.537474051410902
2.2308440984639843
0.6515367100575017
0.813930783818057
1.360433092225494
0.7926751040565684
4.25894211845199
1.9834725826939168
1.9734651885001155
0.9186499689869871
2.3470592775431123
3.4907807094963887
3.5484620915014644
1.234538985697618
3.315286226472324
4.443980986185066
5.166673516464004
2.469619468490394
0.40978334868287963
6.457772500204512
0.7958422165400458
0.33934358320292785
1.5650743172392942
2.2336039067677036
3.0361490429240137
2.4022193367831415
3.631792865077716
0.49214085955210596
3.620577915992403
3.902718084939521
0.44466087697177
0.30412463122947153
2.693354934812779
1.1055372080420172
4.209273651672147
5.8385347014540105
6.942909987559888
2.839270744198604
1.3922845660559482
0.47183471162447327
0.3039908517410009
5.359653562892805
2.1790658695931207
1.0164785482194678
1.3687411519565091
1.0771233854306457
3.326495494952732
4.91113046029124
2.9689982849754872
1.508139667233514
1.9134665329424492
3.9340814810591493
1.668343214028499
3.9843645738462694
2.3447883150203626
3.2438614429887593
1.138717359854458
4.496576107246603
0.2282313975356135
1.1754855484890767
2.538906022148169
3.5172220642143306
0.14462754148027432
5.529017486387749
5.930845086395104
1.4475577523853111
0.8690635333647431
2.982858323609309
1.6445126552446963
1.9003127201234593
2.6846846499107895
0.33234441493605904
3.2654128585483093
2.9199878698255306
2.446677038160409
4.934949289147587
2.069242934567575
4.1119275167443
1.888091746958135
0.3051356154673637
0.9181300056073338
2.7575579927989637
0.4479971882925449
2.968675721927121
1.552537548936453
2.3659122672898203
3.582349841931128
2.8224644134278107
4.407156155162605
2.3721828882044207
2.9335620907244895
3.754739813286726
3.377095955491022
3.43059074123534
0.11048336701006505
1.8888490551799897
3.316962490401881
1.6769094026970193
2.981570254028984
4.3978264926371855
5.604618196354883
2.483289339827665
3.1807809123092228
1.8622810194927957
4.448640487055965
2.8796290044158797
1.449654179801386
2.146896026725096
4.201987757578014
1.1280295012607864
0.25884167412409936
2.1060583233484027
2.2440767290274937
0.7151115012399386
4.056880806483392
4.006343624754351
3.2214086320025395
1.6880618489467862
1.9356497548531064
0.4373333299538738
1.7182256009147425
4.44852059140121
1.2718812634186032
2.6821637986187037
3.082411395332908
2.6942099988818584
1.862646150656781
1.218285170952445
1.7033648990246792
2.670313828343665
2.928126428592171
2.749205279701867
3.664913480032201
2.3545338151035735
3.216474933090029
3.307044590131254
3.9724544735101577
1.178617604149312
2.632059074563481
2.1271966051320153
3.0285289712586443
2.0163606040127657
3.0570084383507585
3.6026113714278383
2.7250111466956244
2.6987381565394237
2.0025276078523007
3.690088465518326
0.5080644134376319
2.901525920519152
3.240263941812617
3.704323791670043
1.329323009092283
1.3199127041863794
3.7774257025006985
3.7159250832172517
0.9089728636998602
5.547567104720514
2.5537389622393367
2.207345206405135
2.112601446874274
1.844542418179818
1.092163049888354
2.545395128381741
4.865541005268843
4.702717148769662
2.3537087608465
0.7508709396856232
3.8947275808416872
3.9820453183725473
3.2673807458506126
4.688117969744099
3.484871583413199
0.5432911153705843
2.4167677045077705
3.639266715978621
1.5950572851820723
2.514009521107335
3.4098174680599795
4.471979444593364
2.1244877868527405
3.372779577606907
1.891192066386539
2.045760542663338
2.002010959434405
0.331766267313477
1.2354257332874463
2.2923643760600516
2.008298270237061
2.2882583344082783
0.14415541285481132
2.5393062209732533
1.6239386809421557
1.1876027350360856
1.6579413414526252
1.339382902742925
2.0482145243090524
1.0624464383988055
1.1329095634753044
1.285470033787639
1.2809585848055356
1.0794294747643314
3.4035393647802907
1.5372015554442255
1.3957498395809846
0.9747302255204494
2.2162536844485947
1.3361168407205264
1.7201821568087046
2.184625762448528
3.0585486598421014
2.72869958062027
1.771745508558334
3.249669439742173
3.855290303312434
1.969046239346429
3.55429015911425
3.7012472171617476
0.26464637170993
3.9891798452807548
2.213456347268903
0.7652223435971566
2.57851105415535
2.9338240328702536
0.3043619425198605
1.1266033393353978
1.870728182089969
3.242818088336228
0.031478874227285306
2.9296219939559003
0.8606937698656852
3.5631476201751053
4.026699453889447
0.600657907049234
6.477777486697421
3.5569560395028152
2.6397655657566186
4.110477522228883
3.105920319292086
3.5078789051118022
1.81490770556746
0.32300854247611904
2.163098281874889
2.5794426796899224
0.36294130775592076
0.6469288750478314
2.7964406909368646
0.8315457376585128
1.9869692586145817
2.2699426795883864
0.6171639065262261
1.8476968802686875
2.8399160840099285
0.734473925606889
4.675340490536132
0.9723242165063168
4.016803335455534
4.45029208655916
3.62341502703763
0.09599624646951051
1.8150229328512084
1.6016743557420148
1.8580202758583635
1.3302815455616757
3.188133396535445
0.6130194429405736
2.9024135064548897
0.3439634218956192
0.24007078266752768
1.3686847355940839
2.5911399521610528
3.5693002857368543
0.9651131029347916
3.6477050269997107
0.4681303070487221
3.6135984084840516
3.3893990334125057
3.6613993197536248
1.6565574351890238
1.8972441994560916
2.1257689660961643
1.4526911008175416
2.334648168881392
2.0581625538403427
0.17939623312284386
1.8092141998149307
3.2982077461782886
4.7138652248373
0.07857984629768817
2.4663511554309694
3.310762697131261
3.9778328774512812
3.3940506837405438
3.8473023294433304
1.5835086338432676
2.730995716699443
3.9514079910441
2.4306441632967366
0.30297001466408174
2.690355218534269
2.528719790520007
3.1967026876780795
1.7801931899235046
3.5793319719338603
2.3200417865091514
3.9571863433670256
2.195105762599436
0.4848965413278497
3.621125448819277
3.0084166634149616
3.14952833098569
1.5152752970480525
1.5179113738139487
8.264707572252924
0.819770321338164
1.5702829913755962
2.761615852531458
2.028091275339138
4.3449942658329785
0.9583629924023797
2.2599667721582497
1.3879437578764504
1.3798163740658835
3.8452723210158255
0.19118696998715587
4.4363836707024715
0.951183415097864
0.17149369000756234
1.7816470062415917
3.1144668923568277
1.6406359688511547
3.4734661796810355
2.449441272271459
3.204233273001713
0.5540455287002022
0.5631620760289764
2.7435931811749494
1.7475582660676499
1.0826655922198511
2.0717767795989905
3.7199159404827244
0.06919453073515111
2.1228682198126405
1.1099788041047511
3.0082833117391865
3.2633538667947546
3.7594784512545862
3.3783585124618325
3.417217538966817
1.6490155988499544
0.9262624061133908
2.227987576333714
2.263938830409728
4.009410083184984
2.2818245349280093
1.4949325495114973
2.6149626645327957
2.4649524506712543
2.9019933314632853
1.5935091894217288
1.505518231733671
2.1758486121507428
0.1598425443349016
2.1857815720323384
3.822210004187219
4.049371294572332
3.776251502528999
0.17300603839911047
1.2612088922169284
2.4131321225807882
0.6982383273268201
5.4520980000780455
4.464272002468354
1.424800231052491
2.698290426747707
3.262280631584565
2.7910468197221268
1.0599097858437267
0.6255938165180503
1.4313262405595957
1.0819222378282336
3.6577580134098397
1.4184165182308084
4.76002859563534
3.9377882957979473
2.2289300036545066
2.0076499860303834
3.433046304966002
2.1568495334270987
6.0060815205002305
0.6125112826508898
3.8834969336895346
2.092160773058265
3.016483147789441
3.586537183392281
1.5243801145113525
2.373576516591224
0.09295762843867904
2.694569122780124
5.6299444253162925
0.5338416632910123
1.781662328655076
2.363674867576033
2.280116340417603
1.4369820973675334
1.9154416580640021
3.874469599365883
1.6080227864772543
2.1994633072651313
1.0036847938543982
1.443913003666237
2.196404016608826
1.1996319201871588
1.4629866823213018
1.8922702178136057
0.7138260581799485
2.9088990864989244
2.969319820704748
3.6025307015824195
0.6396882279644667
2.8813915114120237
0.3048945732077139
3.962417097262638
1.3203352186744077
1.2632735295341808
3.1350639957005666
1.3352334087992617
2.833865625849271
2.879591679001094
2.6140805424336593
2.972342751135448
1.8193712954708388
1.4498207198248307
2.6950838951833602
3.126849134773783
2.7521942563424364
2.2214999156343858
0.648494905099856
1.1933261572986598
2.0177186466284356
3.552553781643145
0.3812483489962255
3.9109436704077907
1.600616874612286
2.7568337427209797
3.335518065242122
0.4499044416828507
1.2158233393353306
3.271420972285327
3.962191779919622
3.359108967331324
3.8452681571226055
0.6858384352835826
2.91452661347227
2.4279942576841504
0.44531760261029185
6.220254510052267
2.693355497325329
1.7706252479254252
2.1945168903096666
0.5339002850246348
4.412847447979029
4.119528549249595
4.406379155993571
1.0117728742553702
2.5381475374635794
0.6314208562740301
2.0678322058715906
2.9242850453310383
4.474212972755707
3.906176191246588
2.5847353146235346
4.1231180879573035
1.7448028175033234
1.1220300542753274
1.9274056114499847
2.120734936572845
3.1483112937577813
3.2558249473985863
1.2332821412388788
0.5232210542971649
2.6239394749576905
2.5531085376335643
2.2067596047344584
3.3134729041915487
3.1580183628188405
1.0734941049752296
2.6706635244868084
2.263611803006306
2.506881795867058
1.7237804159281225
3.5609139419557674
3.3389782899870246
2.819496055313386
1.8154720535234907
2.990119076841602
4.072232024967309
1.6518063792755655
5.405451464039565
6.508706105762142
2.160365366516324
1.4147905418952458
0.23025801220347442
4.226510258643314
1.4136000649361176
3.45723164000284
2.267676352243357
2.205263472466656
3.8052129852483616
0.40442565993710067
1.8114661948751924
4.012286907673917
3.5215945242128583
1.3385309555488647
0.7475604745567017
3.802772862595049
4.139078486203082
1.108217493972425
2.1700099756893763
0.6096599541076424
2.156692064012976
0.34156980882308363
4.701526023624875
3.8039472016461273
2.571658051801598
0.0528110605113928
2.8934554619078776
4.493381072854054
2.4660196410287303
3.0129594033550453
1.1253074567157937
1.2601717822873464
1.7854447475045132
1.0192200333123114
3.6910886849679105
1.4463084694350945
3.291237045477495
1.5477773597495637
1.2688252801268651
3.658485320659549
0.7630369300850142
1.5090990769728436
6.446442787921171
1.073877434780696
1.5696348704257632
3.4037190181388546
2.133526010728591
3.7884097691292586
4.026295323212109
0.2998860592147344
4.21465443685146
5.40607551623072
1.5288644818409731
0.26500366711408196
3.668309817438071
2.809131931101539
4.7521389704310995
4.337535927829641
4.056238206889719
1.795266227843784
2.3169914910422102
3.547273425220753
6.413457225459009
3.9788251391262013
2.624268553024309
3.3399754618634967
1.004636713114048
4.740033509442136
4.287968716307484
3.2128055326206053
0.08889682187413997
2.404085399957549
4.753279965261474
3.3022831095722167
1.0922413181809638
4.482813837473322
0.6203067970879159
3.4643024387510875
0.8916298571768377
4.053033915007253
1.6373557068283235
2.4198234941998997
3.7493524817359782
2.6445728114551135
0.5428417255107159
1.556054178464236
4.510741870322078
3.9487071858321023
3.8279168032437045
5.5582559979943795
3.574989465117298
1.0205671526164342
1.622270541494783
3.5577915535615006
1.4191187039386863
0.5106049660349249
1.5584875590226492
3.679009147858608
0.9363517747749092
1.2836672539152905
1.218167351603957
4.364385520805732
4.647605614838733
3.1958914884274208
0.49776185851365085
1.4850478237692875
3.4850354477511867
2.547536257244555
7.064330469785824
3.7165094662435476
3.6327551630052803
0.8093187431449952
