1.576649044479919
1.183693531309551
1.6481378346497613
2.1255304233660532
1.7091574941999919
1.9154894814558352
2.3291096605806065
3.3619943480162644
4.710706664075342
4.105088132682604
4.676788398784533
2.3890644091521613
1.2564131807542285
2.5817795799687757
3.1530413047016914
1.1724003186508536
1.9679939765179923
4.049710217399528
2.281876634778959
3.3145969365782277
1.9792331664405385
1.2969017141979415
0.21750357066536863
2.555310801914923
1.6351843448701382
1.6915106597916267
1.2858935926368606
2.4436171640530375
0.5539773483386684
1.181569786317801
1.6684481098233832
1.1817016993586025
0.40660521077814155
2.068039233014202
1.4868651583742625
0.5098209186625663
2.4556936494826345
4.852713877382003
2.933211006968105
5.207082910593484
1.7412028529208208
2.5902455608357826
1.7484557497681812
1.2709085334198527
1.0298325375865574
1.9468631339352358
2.8535249663495827
4.787379390361268
1.3427917240756404
1.9870675592653604
2.590849954167376
2.1956176257216713
0.6223346733334963
1.647753025606349
4.0799697456349415
1.0201226133518488
1.7088490684319007
1.7791415831435184
0.34013772605663356
0.8102121758220676
0.19123061372391936
1.3584251012196356
3.0854249545949335
4.046424386157669
0.874653454399591
1.6557109688631562
1.2058953577116722
1.506133454823334
1.4596958728595222
4.2535105442745005
5.6477211514980405
0.6996316741734815
1.379258569751727
1.946826401446042
0.5520386030601832
1.100732932427726
2.085085556312511
1.3920967500485941
3.600823501192612
2.5656498845793156
1.1035468388311735
1.5822742753454544
5.284729902796365
2.219502366370141
1.6279593865702278
1.5633092308723926
1.1610359834359005
1.1448175546015988
2.4935802680272987
1.917467712095256
0.1256314745474447
3.8299943413153734
1.1851652652033393
2.412496359302445
0.7829724796290631
2.060919862075767
4.031424261243333
3.330283153458384
1.4007070780799409
2.04032192558407
1.1708896947191396
3.1999828711482445
0.7383077241094901
1.8359002028606262
1.330046830042225
1.6243535013493149
0.7167162266497283
1.1331767813087394
3.6732468901980053
1.323907980993467
4.185068396388313
0.2960495963981623
0.9979539097230924
1.038528086429948
3.1693645730053888
1.6665757543232345
2.799746765788141
2.564156709489932
0.25834511361467194
3.0480579968127164
3.560234544083135
2.5817384268424775
1.3124166779955089
2.1795557418787657
3.9498616997430425
3.805158231677058
2.507578926750328
4.488840765849988
4.598275877284648
1.4296739136718266
2.751542052638267
1.5864684256332733
4.10504039051513
1.6244417622322085
2.4348901229742417
1.3592307048676766
1.296119649115525
1.7460413055827766
1.8108224557463253
0.830319866577097
0.11519304801458043
1.1499622600556427
1.670286230634651
2.2577195818961515
1.2996847563656377
1.4159638189065076
0.19368188457894472
1.8804136283517556
4.406220264350631
5.779503953723523
1.7057875098266362
3.9370005209482537
2.172944583523246
2.9970967638150583
0.5586805013793105
3.7235539595488
2.6787401410783502
1.4503788888844122
1.1053560032484928
1.5971858742308913
1.1215314869030435
1.4732633600583709
3.3383256188444563
0.2669395704387713
2.1024550103600474
0.9870381014796552
2.849567802284687
2.6692865916355477
3.931243380736136
3.204456623193556
1.6100727548092
0.8914172767570758
3.11473104093185
3.9618675294657426
1.4709404007142424
2.0466207469158815
4.345622815574259
2.2041720098343647
4.154522638504324
1.5754697995092883
0.8897215587616715
3.1473791418820114
1.311044812978822
0.9449159432632211
2.070507519670659
1.95381085758882
1.7068437559080807
1.0173472952024998
0.40587619356899274
2.1742693106399145
1.324885608172103
0.3446943347561981
2.6419664462688086
2.329983639753931
0.8278253040905668
2.348888872658304
4.306509348277823
1.2381531904701772
0.6818677974739807
3.031203537323006
4.353803675707599
2.1496636243778418
3.8213336922998233
0.9103926483576541
0.7099679321566204
1.0043107498902146
1.9233136518759653
0.6772979298383894
0.555496450564301
1.3264602535163055
1.8684977283932802
0.9572941884459588
0.23070113203249965
3.887112328123738
3.8940570220666313
2.2117114430260836
1.105510159578269
1.0369363084554526
1.9755301541014934
0.6417471628691798
1.9241789349496072
1.3995240503533612
5.01268466271946
1.711644661470511
3.397727931218425
1.1839124641141792
3.507465524359535
0.9975204267676892
0.3631769914510985
0.8698891984960414
3.3771736535494057
3.73126361578693
0.6496743930033844
1.1876295485093746
1.049484371234989
0.12177161919500837
1.420008257890019
5.0022013827977165
1.7679524476157196
1.3731817427635262
1.7404593111666316
4.49205290576444
0.9237587330814746
1.2739078324789028
2.8116672328870687
1.513383554951578
0.7100199459414616
1.9363548382568334
4.123413711173441
1.2197007777103097
4.214323881441602
1.4681765506845152
2.079230767293035
0.6538953942182664
0.911273177989018
0.9254243217170341
0.8109131187213461
1.98723061650224
1.7253574092337167
1.2651644012536043
3.939483158828026
1.8160343495792637
1.4734817962123994
5.487228950671116
1.6422679641903037
1.116649666668621
1.4124325783808758
1.1678550132211316
1.0493271834076898
3.670218432222161
0.4711088255401252
1.7151793461498959
1.4717987770861192
4.071356557400626
2.246918509260394
0.7900466159269173
3.01618520265105
3.7091983613962833
0.7292609738981731
0.39282313638885286
1.0895870226155253
0.853765613863237
0.6042364335521816
1.9074280693668695
1.450750424945477
1.4000287883086104
0.72042090802587
0.35191667629886
0.7320654216893006
0.6818752989393535
1.853549143876949
2.175799504858952
2.079540856202506
1.2958499344262453
1.7130510370947547
0.9935861062393739
1.6967802897324935
2.8573991148088296
1.5557484826959758
1.8099105652436003
0.8101896258414313
2.918544071571571
0.9626399522574662
2.7364134059364966
1.286654663974126
1.4151250887656919
0.12795048413552176
0.9198856025768527
1.2726208876678058
3.7264865971336625
1.7837227539000493
3.7929368700587407
1.9926216860784651
0.4929147276504953
1.1091468503036142
4.611798392495806
4.816584041964734
2.1505200330745526
1.3287747655799065
0.4011205374231998
1.6397981268615809
0.3849502769685506
1.7394769432199237
2.443788176494794
0.40495217138653744
2.60620854993619
0.9151949136375501
0.6786569453559013
3.340695614238006
0.8325574828469929
3.484782673232188
1.9384899661308603
1.2945784662721376
0.7583790909192486
0.998013092716614
1.7895226305481944
3.857828740067063
0.32160495608621986
1.321767291367289
3.0178971784978526
3.6002674195496853
2.144688512716222
1.9070792744850196
1.348047516708737
1.9980742468104862
1.8726470422575738
0.2940687569076803
1.9664673615692447
2.053067238410674
3.0659783612216356
0.12562628130335476
0.9562246410042199
1.7792925231729155
2.3141664732555483
5.395464535604607
0.9839661226487743
1.790970776809016
2.20269743228867
2.3876474203532916
3.704389851874739
1.5300147493765386
1.5201363995799961
0.39718806440877724
2.923791371488783
1.8009325217228072
1.6349141354521697
2.1684759864082084
2.8714491093213175
0.8331229171268012
1.1738480552430681
1.0795996181824419
0.8345914305908866
0.20681697490564108
1.2142875436177591
2.050903394464986
0.17977958340994227
3.3554603363501916
1.4037838241491816
1.8260074996422826
0.5081601340429429
1.3634776316548034
1.2345649578705487
1.5772504676463774
1.2142340341154918
4.949997885120791
1.9512393222712852
0.12916132368469105
0.3346581683689981
2.2939944667514354
1.5971535421155063
0.34319616772986644
2.4436092251384745
3.263155093071926
1.416056858267195
0.5475401976468832
4.222441127824919
1.795577238088905
0.6172641999804603
1.575446419596337
1.985786687781241
4.353528298429624
1.444024450513099
1.4222743629041965
1.4085700241554444
0.5806799474640548
0.21776656575342293
2.8976581506241423
0.5292533898097316
1.2285353096235911
0.3588539992809134
2.0660331529805673
2.2218899037492212
1.7105480469449517
0.9211010063713984
4.599015070947049
0.7003618508726241
2.5408876638302047
2.044664191943807
1.6199191086331377
2.1109093253272095
1.4749116251971117
0.8319942824694443
0.6877530963827054
2.6544426364328584
0.4541865753904556
0.8542218349509791
1.9308305511504311
1.1918343715766984
3.886650731750713
0.15080566143253685
2.5265538078998073
2.7470519452502162
2.7678397746531656
4.295958265036651
1.6357193172695816
0.3747218986303693
2.14649364961856
1.6459222841332803
1.1751033138899565
2.4222358592916478
0.15195003814059058
3.5982520031986267
3.091219491517869
0.4442745059312836
1.7219159950995067
1.038405275199937
1.2478934428503077
1.0771624416122103
0.9713086216749813
1.7580429815444616
0.958924881384983
2.0623268473031073
4.043012684005678
2.484481443517957
2.283376761706896
4.693332890927385
5.316939015580785
5.132719215888898
1.726213916150073
1.1649511153215137
1.040501315581698
1.44232741973757
1.5032936622468427
0.9945375962775487
3.791870140259149
1.2818396217252304
0.712231629567124
1.999941135883303
1.2843861813228705
2.2949539803013845
2.5546316336987065
3.4561848141813982
1.4999376913235043
1.9977603041904106
1.0613745118709739
1.866236856317573
0.19475574924260747
0.1037141252339128
1.785834771448283
1.708959046166772
3.598944766094276
0.672036945539119
4.465651093266303
5.837034745044087
0.47664868195611765
0.17229021572082873
4.282313200688176
5.243002821275503
0.6251749054116047
0.3551949879998051
1.1344675522693266
0.7224131419239452
0.21471463572764612
1.3158651565378958
1.087401936994121
1.4250794862990517
2.1039700073780523
1.1113750470774586
3.229880779154389
4.649492774452279
1.1892742473242959
0.7239317388004984
3.982066126322633
2.297741930880764
1.1711487874662494
0.5356523311128984
2.0971262114177938
1.8175052473019502
4.898307034377024
3.5746228408153615
0.760498426687383
1.8373480962747553
1.1089380590241005
1.3339608031004149
0.9463227907160214
1.7272816130350805
1.4664903009031636
3.1350415240802905
1.5703077419378053
0.9834656115348082
1.0009263073505525
1.1296733828752925
1.0853045726840402
4.96549061287639
0.3487946529266328
1.0199031831937053
1.3572821279208669
1.0975609150855716
1.4415066875929827
1.6808438182045322
2.790623413228472
4.282704165929393
0.13470621633128266
3.2857800087866895
3.5535621488420492
1.8028293775326136
0.19976203654933536
1.7525669837568438
1.1208449507229932
1.1344443487788094
2.1248775276630223
1.2895354793290088
1.9834231806571052
3.5003359828690908
1.7851447811251888
1.2913368277708475
1.562099179256921
5.024427608687339
2.044371198465495
1.3680700478435224
2.884858360649288
1.0479760828740077
3.6965470495659307
2.0967226224308857
1.256831801719606
5.379403384026434
3.350938997388269
2.62504110241922
2.4982160833661147
1.7643878443097663
4.008115788509881
0.4079266067460266
0.5675108916845163
0.8002597991612889
1.477757452705121
2.3114679771111226
1.0009027930575252
3.9798502178517703
1.138218912511437
3.2027133466952207
0.8403190618164822
0.6537917872590447
1.837876091488693
2.3400912871527457
2.4361764859701216
1.7612118350549852
4.329095414834166
1.2563083255295138
1.7124017429527938
2.1629563766259228
1.945195840383757
0.14554631758826278
2.201899637239384
2.157413111755812
1.3581938409088954
0.7046780156327745
1.7892357450083385
4.820652785422039
1.674131100499359
1.3447934725681847
1.1916003891491194
1.7815071744350062
1.0421466392313132
2.039612827957849
2.6155050386718113
1.5992885539313326
1.7937948796903735
2.1977284275878013
1.8940911178059698
0.7247219259038679
0.12456619413442425
1.7051985192015136
2.9131526668974033
3.672469566863019
1.2953172778049207
2.1919516555942695
1.9362004186152573
2.1928225691258696
3.4643396605618815
3.9328897622593715
2.2012226565935555
1.6787634370537572
2.3707615009193215
1.7662131784680397
0.2095432492057258
1.3245871335414174
1.5890746711686443
1.485339413882137
0.13678669040534322
5.817532680465105
1.725348630876381
1.410898228761707
2.16425908239846
0.25251813775851084
1.624091186300675
3.741359141417412
1.0781746090258246
2.692060639933197
0.1077156919307594
1.922514492183772
1.116633985233711
0.2530445334864524
0.9134242997498865
4.14037636485161
2.6303912237228064
1.598535836725577
1.9709148998473123
2.9809702756805367
3.372572385853953
0.6683414143287442
1.8696506367671095
1.377209599936804
1.704928435024516
0.8534832974415232
0.7625012086864522
3.5800386059437885
1.347479280290077
5.027407096793902
1.3599020180983392
2.1347315004878533
3.5991767265240147
2.2345862381997073
4.049923692004151
1.0503590897548432
1.325869353519081
2.0458365114586914
1.4083531144338017
2.000036069892014
0.29755050684495316
2.040472521251988
1.3693974781053744
6.111910447865782
0.08444809199617379
1.9913068592653718
2.9875572754294666
0.9524122250305863
1.6183193138617156
0.8728663981207377
0.8119287211532773
1.9982548059074943
1.4269500433430355
1.2625831042602504
1.5761915857301194
4.789237557260524
1.847486760100464
3.226181277395011
0.5212938052562653
0.14147995284491038
2.028693976020035
1.9590924767020172
1.0872392764878769
1.7540104534337746
1.0894879473130128
2.0267861802812166
2.6625921980031535
5.738932777057217
4.277679912972184
1.952176293684074
2.4867966551161254
4.748364690630612
4.94673014856033
2.7689040203370348
2.2853144421200238
0.5214524440706847
1.2933617278405762
1.9508170180988482
3.0729988647775466
3.253644643290612
1.4450622762013352
1.7509326052349876
2.1072914015399706
1.9191382880646624
0.7237105690066964
0.7718231372417915
3.352598503112884
1.7679706268641777
1.3790561378954027
4.1692393365355045
1.437607625907081
3.5075252230015646
1.13495904466001
3.519335962176628
2.164772379234977
1.995510719410744
0.057711443118185615
0.3228579941948852
0.9479461733896087
1.0972691856723435
0.6709550849652853
1.3141682227682614
5.97962970511309
3.8038417566377216
5.673911886429609
2.079755568052822
1.414429114774509
1.0879091283710376
3.0183543306876714
0.1691987609838768
1.8839779537444907
1.0600022846818198
1.1048927489296774
1.5233935648838128
0.23224082831337164
2.823585137221877
1.339385974748022
0.5893861160585974
2.773540715162966
1.822402099586431
2.5068245406936587
4.903117891263394
0.7526691266386503
0.802657486601892
0.32857699378612404
4.290926027778336
5.541582810365456
1.9841006202649265
1.6288360209400938
0.7679101665557646
0.7024290669902982
2.4210855641544144
4.198235364865724
0.10855318935210322
2.0972064450654924
1.5320846332915978
0.5032286240666409
0.9685921298787524
1.8500581695550469
1.3090565704035362
5.503871135839371
1.1025798902072586
1.7110337086577365
1.3798951117025913
0.16534137128099624
4.205887983650578
2.07469698308941
2.961482624912738
0.8224341415434449
1.6743255879134444
0.10233476058603552
3.500344127783798
1.6682170392820563
3.961172263014907
3.113618901189251
3.1859952492022034
1.4362365830666777
1.484680010876461
2.4946722550766482
0.4561632093447566
1.1034773557792077
5.088668029991091
2.9402576353013834
1.4241999544861832
3.487962283923754
1.5927532288915496
0.4808720109949582
2.092149051534574
1.6838028282551614
1.0226714287245722
2.8365715046660647
6.284698458150224
2.0168617134664357
1.4253279343456733
2.101453512628498
1.3767787996065737
2.102293212250234
3.6667524842203156
0.10235090466706923
1.5066275819148005
1.1856397721384195
4.463313797111597
0.8487064625784012
2.4030733646285403
4.398144870873227
0.9700934567865545
2.0961252195262112
0.23437331763433938
1.9512354856200453
0.668279031522102
0.3993954116526073
4.9258014354255355
1.419789191179905
1.4338900494667308
1.8832507132711507
1.4651789292768813
1.2641221195765955
1.2851639710718252
1.7861934580244687
3.4882070242141143
4.829184253330133
1.730226380214927
1.4603588468329642
4.924723516643622
1.643287796732157
0.2885297029621875
0.1775652530433633
1.8588747601435924
2.3261064245933984
4.265745328961932
2.2253966192371895
1.2987807610900315
0.746321011242078
1.8941582654609548
1.7357387449263753
1.9313590460254382
1.099238745321692
2.0507227091138045
1.3413483188397533
1.7442091393877424
1.410497972764559
3.4901313359437993
4.501368425496437
0.8653146797833917
1.6367635403692675
1.2543988090239506
0.25176622325424836
0.8986165317429275
0.49401162113503
1.9823294852470965
1.8243119781550272
0.975122538801545
4.481047433128069
3.3579091667832044
3.026985984416786
1.3442788613116303
4.030683207087543
3.978492048547607
1.7732137556913332
3.3580651485673227
2.126817557732284
0.4500814829471945
0.533743842858764
1.6001316856975474
1.8978645852356044
3.562026883913976
1.9314499974134303
3.979623265627282
2.0520890117211414
1.8806877723521995
3.6925866393925513
0.4042609297798405
1.8987430144664164
1.4326959663481715
0.3054134876830042
4.561787072146158
1.2081396135841604
1.3290068043041234
1.9450749296027408
0.02782389574579968
1.9427530711954726
3.374619068817267
4.511662335104438
3.4021006048287346
3.409911984985202
3.7479582405424083
1.0398671651526805
0.7093195234658957
0.7569532147541315
3.7984822930951245
4.481580236827916
4.922892506849903
2.1092923354852746
1.2830046590774924
3.7105717658538087
1.3144539270589626
0.08929064183356969
1.9512948431595822
1.5427931013449407
3.066304669886203
0.6778999591020499
0.37049591094722284
1.5856618654603016
0.5504016571606892
1.125048299778965
4.734225716817292
1.1930158676600087
2.8879714359098414
1.4985003398507508
1.7729796666690159
3.058110047541897
4.320128907217781
2.1443862992071936
1.2768261756612693
1.0183639431389853
2.7503973608139143
3.207551127068446
0.09556869704255284
2.5914882486029738
0.6090150419129539
1.1257524828903023
4.344546750614066
2.670453592959905
1.208323123711712
3.8368606324972943
0.5360896511139344
1.9517975598991513
1.1452857604650701
2.012194517054644
1.0427709961419163
1.3135704202914338
1.0881678817632892
1.8520758007879792
0.05683702247193835
0.9334907968689804
0.3625476485968338
1.2921383187659725
1.269891120731079
1.0004217255052554
1.6260807272685212
1.4450248129242766
1.7659397293537802
0.9864617169708396
5.404178753603748
5.71339992235932
1.4455010907581651
1.0133634185198328
0.7194271777133782
1.9804564563857314
3.6923444786084585
2.8443998855551644
3.5968091093800463
0.9264865381004881
1.5409630743594482
4.638314531439703
2.9792800030990385
0.3313135776766055
0.6930400904055748
2.0955910270647387
0.4055764271301707
2.3241542128662402
3.4807398597276142
2.426137252331093
1.034442618831676
1.005551087551497
0.4972094056978425
0.09695724734983703
5.404329833766953
0.894869640744934
2.540789287909965
0.6598697862470551
2.248531394028295
0.44770051345093664
1.3849268664617458
1.7323529005754108
2.1426967720336942
1.2097276068261569
1.4551615940582239
1.742970358105264
0.6196622496362373
0.19569588943303087
2.823586189132894
0.604764162312288
1.858029619807632
1.0965840070534612
1.776051704542304
1.3268461500102509
0.7088864101028588
0.8286535006830733
3.293014025651209
1.1522850992869287
2.0186407979931635
1.6959064006693123
1.48418193301978
0.745626093636235
1.5010977199789204
1.234834986809261
1.7558052049395352
1.19078083587434
1.5655988219885923
0.949945354556725
1.4286081262873158
1.3836582762046157
1.9538779207933545
1.0347059699200083
2.71359740157905
1.4606437346860015
1.9007128556671482
0.7537707773294988
1.9255650521972143
2.4733886393419273
0.08138310569005487
1.6460609164880142
1.5604202894881196
1.1079113548170605
4.312041130665418
3.568049592577392
0.30580725127572533
2.0578051896006824
3.2574490747652374
2.6064993631984374
4.926106676237576
1.43368225332769
3.469627722252994
1.1045666296413374
3.609017694937981
4.973941282353222
1.3102194315190072
0.1392861636809027
1.2732299384991563
1.7375266430443088
4.512906118983826
4.22116202051265
5.405109572375335
1.438242448147934
3.8779918066039767
3.1923011563871446
1.350274971565748
0.20193371895105228
1.3238008266067933
1.3331557431478886
0.21024332927593828
1.3287321336527274
0.27237818907638744
2.171848394526246
0.9427485846373559
0.47760082173874885
0.9024753700133559
1.6160924476290872
1.3416350431300794
1.9550727747223673
0.910163599511025
1.2167168122200986
0.5454569599090996
0.7133961778444723
