1.49
4.14
1.57
1.58
4.08
3.69
3.85
5.26
3.02
3.87
5.39
2.15
1.86
1.72
2.16
1.16
3.63
3.09
3.71
5.26
1.83
5.01
3.22
1.98
3.04
1.60
1.47
4.54
3.41
2.81
1.61
4.70
5.22
3.37
2.19
3.33
2.09
4.41
5.33
3.52
2.35
2.90
4.05
5.65
1.85
2.16
1.87
0.71
4.16
1.67
1.25
4.94
5.60
5.21
5.72
4.03
4.74
1.33
4.37
5.65
3.98
5.71
4.06
5.88
4.36
3.83
2.06
1.86
3.11
5.87
5.36
0.75
2.95
1.86
4.60
4.37
2.45
5.67
5.01
1.19
1.91
2.42
4.85
1.47
2.74
0.68
3.99
3.46
4.61
1.87
2.70
4.66
1.51
1.16
5.68
1.98
2.66
4.43
3.63
3.86
3.51
5.57
2.46
1.81
5.57
3.34
3.49
2.74
2.15
4.77
3.06
2.67
2.22
2.11
5.33
1.20
4.53
1.25
2.41
0.47
4.86
1.17
3.82
4.70
5.93
5.42
2.99
5.24
4.02
6.14
3.03
3.28
3.06
2.63
1.52
5.36
1.40
2.46
2.91
4.30
1.26
5.70
1.79
3.87
1.22
1.92
4.98
3.77
2.09
5.37
2.81
3.00
3.23
4.39
1.99
5.42
5.50
3.05
3.96
2.61
3.84
1.59
6.01
4.59
4.30
3.41
3.63
1.30
5.26
5.63
2.78
5.14
1.20
5.11
3.25
4.22
4.46
1.48
1.99
1.17
2.74
4.22
2.17
3.01
3.17
3.06
1.45
1.29
3.01
1.41
1.37
6.21
5.37
2.62
2.38
0.99
6.00
5.69
4.07
6.04
3.38
3.31
4.44
3.22
2.02
3.98
1.88
2.21
2.91
1.84
1.22
2.57
5.69
2.06
3.49
3.99
1.22
1.33
4.31
3.81
1.50
2.72
3.64
1.66
5.31
5.58
5.34
4.88
2.24
1.13
4.51
5.76
4.07
2.33
1.24
1.48
2.35
3.93
5.20
3.69
1.15
5.55
2.79
4.06
4.84
4.40
4.48
2.20
4.82
3.94
1.89
0.66
2.15
2.80
1.01
1.60
4.22
1.60
1.68
1.29
4.10
3.12
4.28
1.59
2.78
3.82
3.89
4.08
2.30
2.14
1.83
2.35
2.01
2.45
1.47
1.96
3.80
1.93
1.65
5.38
1.11
3.71
2.15
2.75
2.04
1.89
2.34
3.02
5.37
1.96
5.99
1.53
3.46
2.59
1.83
3.71
3.31
2.37
2.29
2.66
4.53
2.09
4.22
3.49
1.19
2.85
5.72
1.42
3.11
5.09
5.98
2.25
2.17
4.56
5.61
5.64
5.56
2.12
2.31
2.38
1.24
5.91
1.26
2.68
1.31
1.79
3.81
5.54
5.76
2.72
1.96
1.46
1.97
2.48
1.36
4.20
1.83
5.58
3.74
2.65
2.02
1.31
3.11
3.16
3.95
4.08
2.40
3.98
0.17
3.56
4.13
4.00
3.17
5.32
3.88
3.74
5.23
3.39
2.06
1.30
1.67
2.01
4.52
1.24
1.60
2.92
2.12
2.37
3.18
4.07
2.42
1.14
4.86
4.24
2.05
4.47
2.54
1.27
4.07
4.98
1.21
1.92
5.53
4.68
5.48
3.25
3.85
2.94
2.59
2.13
2.21
4.60
3.02
2.11
3.57
4.57
3.97
2.66
2.58
4.06
2.60
4.37
2.37
4.65
4.09
1.48
2.42
4.72
3.50
3.97
3.40
1.94
2.60
4.69
3.79
3.78
2.72
2.66
2.64
1.78
3.03
3.66
4.53
1.38
1.88
1.37
2.26
3.64
2.46
3.76
5.10
2.48
3.27
3.34
3.90
3.75
3.89
2.14
3.61
3.63
4.68
5.74
1.68
2.76
2.92
2.63
2.16
1.20
2.56
3.19
1.75
1.35
1.98
4.81
5.95
4.68
2.82
1.93
1.94
1.19
2.05
6.11
5.68
1.63
1.57
3.88
5.56
4.68
2.44
2.34
1.74
1.25
1.67
4.16
5.47
1.87
4.67
1.15
5.53
1.45
2.44
5.90
0.81
1.41
4.23
1.52
5.84
2.33
4.04
2.15
3.26
5.62
3.49
4.28
1.48
1.25
1.51
2.53
1.24
0.60
4.52
1.10
4.69
6.04
4.56
5.26
5.95
2.17
2.75
5.31
1.42
3.45
1.65
4.51
1.96
1.43
3.56
2.78
4.93
4.20
5.69
4.05
3.83
3.82
5.31
5.19
3.25
1.50
0.89
5.75
5.19
2.49
1.33
2.38
3.32
6.02
3.47
2.82
2.49
2.99
5.85
1.17
4.96
2.96
5.58
1.35
1.88
4.96
2.26
2.74
2.38
1.51
4.53
3.93
3.04
2.18
3.97
2.69
2.44
1.80
2.21
2.92
1.84
2.92
1.82
1.75
4.79
4.74
5.50
1.63
2.33
4.31
2.99
1.26
3.24
4.02
2.99
3.60
1.48
2.34
3.80
1.41
3.96
3.84
3.66
1.97
1.96
4.49
4.52
1.84
1.71
5.03
2.00
4.05
3.21
5.58
3.24
3.03
5.05
3.06
5.26
2.81
1.24
1.23
1.40
4.22
2.69
3.54
3.48
3.34
1.36
4.21
2.11
3.23
3.88
1.76
2.32
1.27
1.84
6.01
2.56
2.23
1.40
3.60
1.46
1.30
5.41
1.89
3.29
5.90
4.48
4.02
2.89
1.78
4.25
4.40
6.15
3.06
3.62
4.07
2.80
3.81
4.40
2.15
4.31
4.37
2.82
5.29
1.30
2.01
2.08
4.50
4.48
1.32
4.25
3.29
2.64
1.59
4.00
4.12
3.73
2.96
3.92
2.73
2.51
2.04
1.43
2.20
1.81
2.50
3.99
3.13
4.27
5.87
0.93
3.90
1.26
2.50
3.57
2.72
2.00
5.96
6.01
3.25
1.56
5.23
5.84
4.04
5.74
3.50
5.53
5.93
4.29
5.39
4.57
5.81
5.08
4.70
1.10
1.12
3.44
1.32
2.25
1.98
1.75
2.20
4.04
3.30
2.24
2.41
2.07
1.98
2.45
1.48
5.44
3.04
2.02
4.67
1.14
2.62
3.56
6.02
4.96
3.39
5.04
1.12
1.84
1.74
5.77
1.56
2.39
0.30
4.53
5.58
4.90
4.66
5.90
5.20
3.61
5.72
4.71
1.16
3.87
1.86
3.24
1.09
1.96
3.62
2.06
2.70
2.59
5.58
2.16
3.63
1.03
1.43
6.05
3.55
2.27
6.13
4.54
1.18
2.75
3.18
1.34
2.10
0.68
1.66
4.18
3.04
4.49
1.36
6.02
2.85
4.10
4.02
0.59
3.31
1.45
4.37
5.21
2.42
3.93
3.50
4.24
2.48
3.82
3.57
3.06
5.78
6.07
1.81
1.25
1.57
2.10
2.22
1.92
4.06
4.04
3.80
1.46
2.10
3.37
2.60
1.76
3.55
4.27
2.56
4.47
3.84
1.47
4.24
5.47
3.90
3.25
4.73
2.27
1.88
5.94
4.26
3.87
3.34
3.73
2.58
1.30
2.71
4.45
2.58
5.29
3.87
2.80
5.18
5.02
6.03
4.96
3.48
3.44
3.13
1.19
4.05
4.20
3.99
3.96
0.82
4.89
1.85
4.01
1.35
3.55
5.44
1.24
3.05
1.99
1.30
2.86
2.21
6.20
5.59
5.81
3.91
5.94
1.89
5.99
3.21
2.18
5.04
2.32
2.85
3.25
4.10
4.41
3.71
3.02
3.70
5.43
5.58
5.26
5.22
1.24
1.14
3.44
6.01
3.20
5.51
2.21
4.77
6.00
1.98
2.37
4.90
5.24
5.90
5.10
4.32
1.59
3.53
5.26
1.47
1.81
1.33
4.61
3.49
5.28
2.43
5.50
5.76
5.64
1.06
3.29
3.22
4.11
5.82
5.59
4.83
0.89
1.10
1.49
1.97
4.63
4.49
1.14
5.69
4.19
4.71
1.82
1.79
4.80
3.11
5.45
1.57
1.55
5.94
1.63
4.39
3.87
1.91
1.24
2.94
3.05
4.33
3.17
1.90
3.86
4.45
3.29
4.40
2.22
4.21
5.61
4.41
1.39
4.06
3.75
1.59
2.63
1.25
4.37
5.07
1.59
2.41
5.02
1.42
4.35
1.99
4.80
4.01
4.62
5.89
2.25
2.43
3.44
3.33
2.51
4.77
1.83
1.47
4.01
1.24
1.60
6.01
2.98
4.96
1.54
4.29
4.10
3.64
3.31
3.94
1.46
4.08
1.81
2.46
1.39
4.38
5.64
3.54
1.50
4.06
2.56
2.69
4.78
3.25
2.44
1.59
2.82
1.51
3.03
3.10
1.51
3.00
5.93
5.21
1.08
6.02
5.88
4.75
5.54
2.01
1.32
2.53
3.75
5.64
1.55
2.57
5.49
3.41
3.75
4.83
5.96
4.65
5.08
3.74
5.32
3.00
2.78
5.31
1.68
1.36
3.52
4.69
1.01
2.93
2.65
3.34
2.69
5.71
5.17
5.87
1.92
5.08
