0.61
0.83
2.58
2.86
1.20
2.10
0.77
1.52
0.48
2.05
0.31
3.38
3.96
2.89
1.54
0.19
0.83
0.74
1.80
1.74
2.14
3.36
0.63
1.51
3.62
0.69
0.90
3.03
3.24
0.67
1.17
0.79
2.08
1.35
0.81
2.42
1.40
0.53
0.84
0.57
0.63
0.84
2.14
2.07
1.59
0.09
2.49
0.97
3.40
1.74
0.84
3.69
1.71
3.05
4.78
3.77
0.75
0.74
4.66
1.37
0.94
1.22
1.57
3.09
1.06
0.59
2.94
1.11
2.63
0.43
2.58
2.08
0.83
0.65
1.21
0.58
1.89
1.51
1.01
3.17
1.12
1.10
1.07
4.95
0.81
0.74
4.94
2.58
1.86
0.86
2.25
3.79
0.23
1.15
4.17
0.81
0.87
0.99
1.21
0.37
3.48
3.22
0.38
1.84
1.89
1.21
0.68
3.17
0.61
1.86
2.28
1.61
1.67
0.52
5.04
0.99
0.25
3.48
1.33
3.04
0.26
2.23
0.91
0.84
1.20
1.44
0.81
5.65
2.41
2.45
1.28
0.97
1.21
1.73
1.73
1.67
0.21
1.40
3.35
2.59
3.89
0.56
2.45
0.86
1.66
0.58
0.93
4.88
1.15
3.35
2.55
2.34
1.53
2.06
0.59
0.25
3.41
1.30
2.40
1.90
3.03
1.36
2.75
1.02
0.98
1.48
2.18
1.75
4.61
0.41
1.51
0.38
0.91
4.34
2.97
1.56
0.62
1.21
0.60
1.00
1.77
3.57
4.70
1.71
1.08
2.49
2.06
1.09
2.11
0.15
0.68
0.66
3.81
1.73
0.22
2.09
2.42
3.50
0.97
3.88
1.48
3.38
2.02
4.32
1.30
1.50
0.87
0.86
1.16
3.64
0.04
1.00
1.35
1.94
1.53
3.01
0.54
5.46
0.76
0.98
0.41
1.75
1.55
0.54
0.74
5.02
0.13
1.35
1.32
0.74
3.98
0.91
2.21
0.65
1.76
0.66
0.43
0.38
1.94
1.17
3.08
2.18
3.68
0.61
1.66
0.84
0.66
0.51
0.32
3.98
3.10
1.57
1.10
0.85
1.66
1.54
1.02
4.25
0.85
3.48
0.72
0.66
0.59
0.90
0.88
2.73
0.44
2.37
1.45
1.69
0.97
2.15
2.17
4.64
1.45
0.89
2.07
0.66
1.32
1.19
3.76
3.16
0.95
2.70
2.87
0.44
4.44
0.89
4.46
0.43
0.42
2.34
1.69
0.88
3.13
4.16
2.67
0.89
0.91
1.29
1.36
2.55
0.68
2.13
0.86
1.20
3.32
0.90
1.10
1.06
1.31
3.88
0.70
0.90
1.04
1.93
1.03
1.55
1.57
0.55
1.17
2.55
2.35
3.87
0.50
5.00
5.01
1.27
0.57
3.67
1.21
1.64
2.40
0.37
1.39
0.37
1.64
0.39
0.97
1.23
0.59
1.13
2.75
1.42
4.29
1.65
0.68
1.08
4.53
2.83
1.15
0.32
1.49
4.54
3.76
4.09
1.99
1.75
1.29
4.25
0.63
0.41
1.79
0.47
4.06
0.28
3.62
2.63
0.65
0.96
2.07
1.29
2.99
1.28
1.50
1.52
2.12
4.20
0.50
1.11
0.77
1.18
2.00
3.33
1.08
0.22
2.09
4.70
1.34
4.25
4.70
3.14
2.22
2.67
2.29
1.02
0.83
0.49
1.84
4.40
2.18
2.55
1.67
4.98
0.60
2.26
2.65
3.36
0.76
1.43
1.98
0.43
1.34
2.08
3.29
1.83
1.67
1.26
2.68
0.93
0.38
1.08
1.85
0.71
1.48
1.21
1.08
0.25
5.11
2.48
1.99
3.76
0.21
1.89
2.19
4.22
1.86
1.57
3.68
3.10
0.58
3.00
0.93
0.48
2.19
3.45
2.91
2.90
0.13
1.48
0.65
2.14
3.51
2.44
0.94
3.39
0.74
2.63
1.02
0.88
2.49
2.66
0.84
1.58
4.86
1.99
4.25
4.03
1.67
0.56
2.68
5.24
3.84
0.95
1.03
1.55
1.24
1.81
0.24
0.70
3.65
0.91
1.53
3.88
1.28
4.38
0.35
1.27
1.40
1.16
1.55
2.04
0.91
3.52
3.51
1.21
1.98
1.78
0.54
1.24
0.04
3.61
1.18
0.60
2.33
0.82
2.95
3.97
3.62
0.74
2.24
2.18
2.14
3.43
0.98
1.61
4.15
1.86
3.73
1.28
2.05
0.93
3.32
1.25
0.49
1.06
0.50
3.49
1.03
1.11
1.54
2.17
0.40
1.55
2.12
2.70
0.54
2.82
1.18
1.41
0.97
0.82
1.73
0.95
0.06
0.27
1.49
1.46
3.15
1.09
0.75
1.72
3.69
4.47
3.50
2.26
3.28
4.59
2.39
0.87
2.91
2.28
3.52
1.30
2.36
1.13
0.39
2.18
0.53
1.78
0.96
0.43
4.66
0.84
4.35
1.05
5.27
3.86
1.08
0.94
3.99
0.27
2.32
1.11
0.89
1.33
1.66
1.63
0.83
0.45
1.42
2.12
2.03
0.92
5.24
0.73
0.90
1.59
0.87
1.05
0.21
2.04
0.59
0.80
1.77
3.83
2.22
1.34
2.45
0.46
0.45
1.02
2.18
1.68
1.15
4.19
3.98
5.68
3.45
4.78
2.72
2.62
2.01
0.75
0.26
1.72
1.50
2.88
0.44
0.34
2.07
2.88
0.64
2.48
3.97
4.06
0.61
2.66
1.70
0.22
2.92
2.07
1.76
0.46
1.50
3.16
1.50
0.60
0.43
1.77
3.89
0.66
0.92
1.59
2.23
1.14
0.81
0.85
1.02
0.66
0.76
1.06
1.12
0.53
4.45
2.76
1.70
0.13
0.74
0.29
1.98
1.12
0.94
1.23
0.32
3.11
0.92
2.01
0.25
2.69
1.57
0.56
0.19
1.26
1.56
1.01
3.53
1.65
3.50
1.05
0.35
2.86
0.71
2.57
2.46
0.98
2.22
2.59
0.47
0.62
3.68
0.90
3.20
0.93
0.87
2.72
1.60
5.30
1.44
4.19
2.54
1.21
0.12
0.53
1.58
0.81
1.08
4.79
2.46
1.65
3.18
0.64
2.80
1.04
2.90
1.88
2.64
0.80
0.71
1.85
0.34
1.05
1.70
2.96
0.43
3.07
1.28
1.63
3.53
1.14
0.55
2.00
3.52
3.25
0.61
0.78
2.08
1.09
1.54
0.91
0.47
1.13
2.58
1.74
1.10
3.41
2.18
4.35
1.76
0.42
1.52
0.61
2.00
1.40
0.98
0.67
1.14
1.18
1.86
1.69
3.40
1.37
0.46
3.20
0.37
0.09
3.48
1.70
1.01
1.87
2.68
0.18
3.39
0.17
1.50
2.58
0.67
3.38
0.43
3.45
0.97
3.50
5.02
4.63
3.37
2.32
4.62
1.48
2.10
1.84
4.14
1.88
1.27
0.49
0.34
1.25
4.57
5.33
2.61
2.79
0.60
2.44
2.79
0.44
3.30
1.01
5.23
0.31
2.45
0.34
1.91
1.41
1.51
1.80
4.65
5.06
2.48
0.95
0.44
1.43
1.29
5.92
1.69
1.38
3.63
0.68
0.51
3.32
2.78
1.08
0.77
0.33
1.71
1.74
1.55
1.38
2.98
1.57
0.59
0.86
0.31
1.29
0.86
2.16
2.70
1.87
2.46
1.04
3.43
1.12
0.53
1.33
1.23
0.47
0.52
4.07
2.95
0.80
2.69
1.93
1.82
2.19
1.91
1.02
4.47
2.28
1.31
0.97
0.55
2.74
2.20
1.35
0.67
3.90
1.10
0.23
2.46
1.20
4.42
0.33
1.39
0.70
1.04
2.40
1.80
5.70
3.45
0.49
1.08
1.25
2.02
1.06
2.39
0.67
1.12
4.31
0.69
2.93
4.88
4.18
3.93
0.70
2.20
0.49
1.29
3.56
3.30
1.26
2.56
3.87
1.65
3.09
2.75
2.06
3.26
3.03
1.10
2.96
1.24
2.62
4.25
0.77
1.02
0.25
1.27
0.44
1.97
0.97
0.48
0.39
0.58
2.44
0.65
1.06
0.94
1.05
0.86
0.90
2.11
0.58
0.94
0.88
2.00
3.51
1.05
1.67
1.63
4.93
1.09
0.36
0.29
0.22
1.37
3.46
1.00
1.15
1.54
1.01
2.48
1.33
0.99
0.95
2.77
0.29
3.54
1.36
3.33
0.83
1.22
2.10
4.15
0.22
1.60
4.02
1.73
0.98
4.16
3.44
2.30
1.45
0.63
0.81
2.41
0.35
4.09
0.17
3.35
1.04
4.90
1.41
2.76
0.96
3.19
1.59
2.75
3.84
1.85
4.36
1.23
1.13
1.16
2.28
3.90
1.42
0.88
2.08
0.85
0.71
2.12
0.24
4.56
3.75
1.19
3.53
1.18
1.25
4.48
4.95
1.48
1.54
3.66
3.30
3.91
0.71
2.31
1.55
1.67
0.47
0.81
0.09
1.36
0.74
2.89
1.21
0.50
1.07
0.46
0.86
2.14
1.59
2.60
0.62
0.59
