5.538588356291714
0.6731291613797719
2.6467020044139433
3.738897245167414
2.1903720380045653
2.0840820336742527
5.2121425986446
0.08280221094421528
2.45417644442024
3.711349108984492
1.9125233085095354
1.1370399626080385
0.30344874776574277
0.053904907241944106
4.967245726032259
3.1519551380742175
4.79460603915813
1.2796284240363063
1.7694133678448145
2.0651483201567977
3.7305910455388016
0.9130924083950578
2.8921293996405564
3.286719871889224
1.7255755062275122
4.136019035770091
3.040594189827308
0.8020158998307363
2.860994143876631
1.6825753090573876
1.2627035765560557
4.8766394171807415
2.425994693810381
3.6661393184901367
1.6981097975611115
2.351596688427726
4.23899150338096
0.8219738002253786
3.5729580240314682
1.8697022213527412
1.486153872748306
4.770511732431329
1.786985595745063
2.2526023419393355
2.1246804398793016
1.4944812922202806
2.0476826127819816
2.785491843671554
0.9002751297979414
3.434993128316542
2.6847737067167228
4.04083167251337
10.289959407652526
2.3505688752287104
2.063722219146301
0.9646511079303822
3.0997831967217677
4.119234623790288
2.865819333833427
2.4711148950576054
4.135213310393245
6.402125870702354
9.904418621315795
3.902956467393514
0.6129766114497088
1.9467152930183556
1.6923070739132453
6.989975645654638
4.902463246435613
0.8799662381025072
3.8598004976017655
3.970242977489472
3.6289001190162633
0.6000026413354778
0.06605004247499494
5.942341905378856
3.892219111895908
3.252358179013954
6.137172447360181
6.744571040990707
0.5350169550014799
1.739262130446648
3.6457930373387355
4.830901055332381
2.1052321773557954
5.472763823097704
9.031316884532178
2.6427519134678703
6.095079767466133
0.159696622829381
1.8275572625820422
5.610174346383478
2.048527045506333
2.6913527241678405
6.683779226811556
4.432310254770848
4.507166279907671
3.6179324783707676
2.6366134395113487
0.39788063972987747
2.9799067966580752
5.131116341369166
3.2655914484772883
2.742769470288336
2.32531479700518
2.7653722544915667
4.3699248951683085
2.0506793163654637
2.6435110418729493
0.6852686372221385
0.721198387976557
6.02877633926241
4.2002832191070185
2.734762399572979
4.511758584221703
2.7114787046601028
5.775448787111101
9.677930131305464
0.23347709679266562
1.611920392354755
3.354512798459036
3.050893743068268
2.366577814023932
2.8720557002838647
0.8170621806885451
1.2567337201225244
2.047336979288248
1.246973256999598
5.096510022923419
2.814485229981151
2.4525932364963117
2.2032771690731305
3.74585078767891
3.0787639218144305
3.3417087430179495
1.115888539027727
6.474353784014268
3.8108509684404765
0.9176937410020037
0.9940772327576104
2.2264919804703047
1.7608433032200943
0.5278753167637054
4.248971477046631
0.7428671311736833
3.009727537916303
3.4684126638594424
2.344291166936792
0.7004303715208129
0.3818365417880903
7.694513234847381
3.269867166697161
0.27883488569806586
1.0899847591142569
3.033505668945574
1.2408173702008989
2.694682863131334
2.9972916884185095
1.7928841788885228
4.372362958506756
3.445646544066849
7.19571948893465
3.350235381442237
4.5736395529005796
9.057590334954076
5.37150463885571
0.06834107362499306
1.6020192702048497
3.6444469354614877
0.7095459929507615
3.6403138936927433
4.830848288668912
1.5409318585881397
1.672352569570139
5.871796658331564
6.976297835765452
0.16536159483663015
0.6962575514732312
3.6469874439627503
3.5427151301313486
1.1023596996585412
0.7845873092305738
2.5803711341717768
0.3842305213274096
2.4053397807551167
5.740954096604907
3.6748963555040244
2.751648239724265
7.79106639716234
1.9670569861251597
3.4908829896765967
3.855190246498836
6.787020574994263
0.9334585792630672
3.5930549584758826
2.8876640149387867
0.8838529190604866
1.1074042792257377
1.5240888385983158
0.9698593786459113
2.519880597600516
2.330533720939805
3.56650093183515
1.7617528271191931
4.551837818644494
5.587701210068456
0.8352863566802545
4.196542253602947
3.3696139246970467
1.3031849004509537
0.5396993260531604
4.372927246365847
5.584098205062845
2.386000450067057
1.273682392257577
0.45412169359491855
1.4433727323935295
3.7434828064907637
0.16478668100545804
2.5065351925534434
2.1876747410832067
3.4618916637906203
2.5090074543445384
4.684922993636502
1.4084585189711203
0.9726071083359776
0.13008184354959298
1.8904607654143135
3.5028301976567535
3.4200432141638526
0.33075003855807583
2.4687193561930356
3.751513791513508
2.88189422602728
6.238223654161574
3.0664507212126333
3.982016040087441
3.239627813573104
1.892072777339178
3.8680410747540854
3.027544086821548
3.444013778018631
2.8391940839406655
4.042066272331893
2.682887946556141
3.7373074931043955
1.322848775601401
5.445233814678415
4.6988586154813055
4.420409818944887
4.004507840516701
1.2190997277362852
2.6500587527799713
2.2822289125750737
9.014116949436266
2.6002599413036065
2.3478536814159012
8.568412132467769
7.4311498953456265
6.453750469366057
1.711359334574265
5.668371428912897
1.339234708688108
1.9430476214296393
2.3615728206126145
3.7283422401193747
3.0375405430456928
5.242308578120208
2.8020984466769687
0.3613561609962217
0.23255132348504562
2.4408044925159746
3.680036198006079
4.265067338196069
3.9504145303086773
5.224584670564109
5.880005585527153
3.996067877047657
2.184815010204842
3.5821239109675216
1.7779096331310682
10.70529529167306
1.9570874125302793
4.045239838957491
3.0733724695778903
3.4298240226131322
1.303416290416586
2.555643847783958
1.402587119873602
3.299006453080485
0.9006221466341074
3.0813032782492837
5.256415011443333
0.2378005343473655
6.697285134167871
3.137663012508335
3.8831263287086517
2.2076295708517453
3.4934861493761766
3.5797602445905112
3.9145519124755577
0.2650003486816036
3.705142208450395
6.067137652328642
0.5637619615796499
2.5164112843233437
2.612732678692968
1.8098542453102653
6.170856974895817
2.1915746664627953
2.6609397682257665
1.0389547491612094
1.0406854100306893
5.164000457383228
3.596020625277041
4.1961849457731
7.306207710715394
2.344109645677543
0.21760349832882836
3.0824576933709924
1.0795252358298788
2.781481578546151
5.3639391627399
1.8503532959902813
1.3018729363693486
2.0324486082049145
2.084897015260074
0.1320343551853528
1.4258420350449605
2.930695124598812
0.7940836446137269
7.1752476988159515
3.369833759224781
1.5757153251561982
3.5439365932179734
5.004237865823414
4.043720135312751
3.211790127957287
0.17764656634302053
3.100621091929117
2.06045892877304
3.9273841174326356
2.755571638557238
0.16542094492739234
1.8857438735619363
1.774526153247235
3.5925076537306437
3.9796244209286233
3.892677102265832
0.2956118707347474
3.8259084612110725
5.2980814591124
2.37199993828854
4.30862173119793
4.584153758692492
1.2709874236055736
1.8928407337401836
4.08338561818958
4.327133132762535
3.879915309513333
5.620878903466631
0.7973518985115006
3.4714186834218665
2.973755302892892
0.040765156881727584
0.20540216612418602
1.201898450191791
2.18119622005191
3.228507085660945
1.7065716604289476
2.1816618702320874
4.675273408902085
6.197231405015981
1.040918570981593
2.716373160514344
2.532302475374506
0.19385618731824464
2.630494881133744
3.0988810930366797
2.5562691017440495
0.49891027861855314
2.4094416650175607
4.037494573356452
2.682003442879004
0.7784688487421831
0.9603036560343399
6.655301219069398
3.668942599583934
0.17353799240797657
0.9068936976722821
1.9166364077171618
0.7366895337412828
1.529902747438439
2.2892232556632646
3.4448012714249443
1.1701495111054157
0.46376117696966473
2.139584784751639
7.255577554913774
3.8275842968246963
1.3980511485710247
2.113528108283428
3.3965637251203944
3.201543457476388
2.820075408141093
3.608819747727851
2.3502266129631346
7.829224259404071
3.0687436021331473
3.3833005151365416
3.2510583524524868
0.2191944857507327
2.5815059695135028
1.530690948588999
4.517264227195784
1.691272760102181
3.9929845968216893
2.2805196653154134
1.3409250835547553
0.8926985015939382
3.1916572809753796
4.8826552426361625
2.922606506890035
4.012789654209978
4.711016597369688
2.860395033749432
3.8976321723541285
0.32907249666940186
0.5713253857954634
6.377474148533911
2.2602441304018757
3.6174541296000826
2.143656619870898
0.4346320076209275
2.339345293659786
2.3491731695461873
3.2956158355002203
3.036336730017426
3.645528166604848
8.052810652090598
3.0859939526891065
2.6877337524682168
3.3347280839758797
3.519730673189697
6.578261788022785
0.6959376283517146
3.0366479570864695
5.215513138348195
4.438379911568956
1.907536919286892
3.508040482645354
1.6459596582007339
3.8111228804734467
1.4769208958868518
0.7011552544408205
0.591051182043334
3.7300004494379975
7.533594108076591
3.112810570666836
0.36839024582914515
2.0107320695666777
1.3201164114834107
1.3488305400171343
2.0791263147852317
0.5728696226252418
3.32731108417898
9.47678805637893
0.16841061812696806
1.9904401104066254
7.532704313819137
0.12583488462810538
3.621881383059244
1.1182151250770143
0.6052988315584432
3.3623995691713113
3.56276877342347
4.9723464287303045
2.8328868549672594
1.3557267072401875
1.6483293474920415
4.596322441912023
4.424857750997071
4.45108757057225
0.8181899475453864
0.06196976775877367
2.6221323038413638
1.0577364109166563
3.86531043990305
4.312056904544685
3.5966467973023835
4.584755475389314
8.138108850509715
5.500886259689507
3.1229269457000988
2.0381908724571254
1.1188330626296183
2.236553828384752
0.12471786893759022
3.2463402506632484
5.88624433228721
4.371089908320634
3.899673827934811
1.9410032213925201
2.25845726915079
2.5316405091909435
2.946825903627713
1.828663283266342
7.3392064414280656
1.6395374825003652
2.946795238041783
4.761008921222925
3.004748481315552
1.2461157168838155
3.026271409369341
5.488868463514022
0.13969623706762876
3.7719857620523767
1.4163826382420588
2.9822322664552083
3.59824829783225
0.5009006614973358
2.5869313320065763
3.551293311100913
4.6861138235949245
3.962533233897727
2.211336469802448
3.246741997166437
7.669307807272684
1.647163560105364
4.912513294051622
0.9468819426680318
6.7615728129413
6.439880697075238
2.482172439540252
8.495924226292816
2.5733994012282655
4.2262121238084065
1.9011231498211576
1.6053761858566855
5.019724672416445
1.143480139775543
1.827358255923332
3.892435788554426
4.979688233931241
9.270045378201134
2.7963390185760444
2.2425537103754536
2.4704271097324475
1.3488897669865212
5.708271835073601
8.014763194489467
5.294551031909057
3.027053280742063
0.3755455277736577
2.9859218276740234
1.2337643331554906
1.3496495850470096
2.0764372836323552
2.750452142629501
0.7812753535586414
3.1113271242771683
2.5805502362875723
3.035894817471983
3.738785518430207
1.1472725000554238
1.7583752644247117
1.3063649829931077
4.178671231941081
1.6672511548348614
2.7621003725412834
3.7992883223838514
2.4779796969862997
7.167782515864705
3.5763795898810264
0.37729686426051745
1.3651678015186948
1.4771290838125946
0.18919475204425562
1.0276002558614294
5.863839346857831
3.49040322044129
5.351896435279009
2.0116448180029316
1.6207379965683149
4.196410396893047
4.984939371164207
6.308180031745284
1.4785309771793873
1.3662194662643397
2.761211072491355
3.539246434608127
0.16813535276276256
0.25084839528594965
5.6178319243681285
1.42674412210594
1.9392029837379567
1.182344799789851
4.779345961031069
3.13072332829277
3.733669310813968
1.5767499063733104
5.325337855379479
0.5941792367387159
2.2443394618875905
4.598296564499319
8.07003482828247
2.1968778315528663
1.4115775680921177
1.700655936537453
3.458473305744382
1.2464693022940467
4.948300576548311
5.016914144291922
7.448372862355113
4.508662150140971
6.281557708217981
11.350966556012468
1.3161719966563263
2.2447195341799717
3.4952887194000444
5.092819894828589
4.347112174300314
3.6403339750563095
0.8160091181392497
4.3848967661485085
4.238968169397319
4.597768622086609
1.874280966046757
1.8660413058453096
5.25272447703729
9.61543169109445
8.37868979054201
2.8184355824252507
2.7629486573265973
0.81927419932274
3.9834409353547064
2.8887404691267617
1.6631412923147157
6.295620384292233
2.831082499890545
3.045677035276233
8.70192327469677
2.528260048438805
0.6321328327641519
7.046758020826518
3.94418295222375
5.9820946055220645
2.5219600855651305
0.5621738980361873
3.11627946945078
3.5580020659865186
2.972681709114713
7.888748775887858
2.879578659185145
3.374204989377834
0.7889791619260195
2.0041929839818766
3.299551981484563
1.0022060243491318
1.8265551834523164
0.5813492893912989
2.4368264233099115
1.8931868988512865
1.9695359156560834
2.311894920482993
3.5086997533570834
1.724897734952737
1.4762027724540243
2.7628929024710716
2.7391367957406247
3.354763366632961
3.4877417879315193
3.101113963204555
3.026475186082429
5.682915456124511
4.096976171966763
4.930164916947902
4.700487160422083
3.9373049458400695
3.1234584228375755
4.999884834592007
1.551795302159951
1.508802273786907
6.044748890547724
0.17700184720224024
2.201986810494005
2.2596685503144283
0.5046433341032939
2.109577445923721
2.225559457947532
2.4797797282686767
3.5399357627915724
1.6198900282473185
3.7152765334465334
1.1487171333921065
1.1005331199031914
7.869399629351294
5.226448149765577
2.0050331901975706
2.054730148035602
1.2120494006417062
5.1113372252492715
5.363534878384336
4.857658400794476
1.6495988658581817
3.351957860763547
3.1992265225803687
2.3270941912895116
3.317766368778845
3.205481759616054
2.366162507539003
5.643800139053354
1.3218792037443465
2.437368298511452
1.7427137183032329
0.04024907418994792
2.169684575664779
3.7783210348238807
1.788736389802406
2.2394577183343416
1.7530919153739772
2.5509008631151926
2.041829354973786
0.18568004060939988
9.485694523905039
1.464940527092685
2.9193144217952827
3.631048680114095
3.893403715023872
8.385421723469465
3.2806216433872177
2.764486137417949
2.9555511144152224
3.0072496321549553
2.821717686552317
3.8660756859457117
7.1162707602539745
7.117588573684347
3.376657266167435
1.1078831068482926
2.655267796246162
2.011307235476057
0.9834131573256601
3.0377650868094714
2.09557800228717
0.47506244068888615
2.155444999393982
1.6438570046836611
1.8070002725535133
1.378995660146308
3.9251352121273113
0.4201225318218131
2.4254489406005777
4.129651112454762
1.9657955252877801
2.8159836755841043
5.6679786229564195
2.011746000542492
0.5821250498774778
8.43040170913168
2.6887733447181037
2.0702784973090944
2.997008783684105
5.39736241495885
1.13135242172834
6.323837206145173
7.510915827074612
3.7572773971868307
4.13101146666268
2.9482161591161997
1.5492329670468896
0.772956683339008
3.872523924244205
3.864323521043097
3.5363287188651027
4.0105577540647435
1.1329001067402042
1.4751243214490666
2.2305461118671106
3.2662534793284523
4.875674683977964
0.22021833108705513
3.7057290627898065
0.5074790164391734
1.0340172228835072
5.269145293344037
4.203915856712875
3.342566732578271
3.237001593493264
4.237514515835554
0.2454576953710624
3.49501629420927
0.28076803837512493
3.7107100459587286
4.122872175528043
1.6606705299460713
3.1342567720694836
2.4969286774343513
3.7394440999116836
2.685789136126321
4.483142449825668
7.5815928416535785
1.5628047701302015
2.0259362654567914
2.3241033390549553
1.8294401080414515
1.2784540968767077
2.8927176092460654
4.518018080646366
2.1323987360914973
4.582840647978845
0.7074381202617954
10.305278486805667
2.648912904310802
2.1855180798664002
0.6978605403533853
2.6153954158619404
5.6759299008693445
3.0665184402098693
3.766533602550092
4.693838954547424
0.11813999693592286
1.8066464076715947
4.248917886102473
9.38259864602238
4.954758503354745
0.18537396692409064
2.872136103153042
3.2216167095916024
1.374016943158532
2.463497504279809
2.518439921830157
3.97815953471087
3.784621873342541
1.0149285086796576
1.0145537016902952
1.4645302009828274
2.836092616834371
1.6877696892665979
2.600770086204221
3.685236064099105
6.590133939791048
0.35950420124834687
0.12677210799813246
4.032632077214406
0.6763448855748777
3.3987274692001184
8.303138824031873
0.6549211759850871
0.9310006716580798
2.20713470727288
1.29184176442913
0.8667586912961586
3.959041283443384
2.5413091645392023
3.285335638782914
1.7645682084256242
2.7621011553181782
4.784533800747176
1.9411228043172117
4.192469941763567
2.1417934500997515
8.195615879074493
2.444673986072393
1.8028698725416692
1.2652984453180876
0.14736458797715862
1.206426144297537
3.565006851347746
0.34016429185355224
1.0007599924212474
2.4229414082854706
2.593410826202938
2.174524633602469
3.239194293173108
1.707810869204993
1.005794664603928
2.9531396729577777
3.6425826896688043
1.8347282725602183
0.19566943247485083
3.9014911104987116
0.8936669205349145
0.7203901303354953
2.484167599755607
2.8920486382494346
4.044215452885348
1.1345348624870721
4.04782499052942
3.5667811616546357
1.7247565451864453
0.7656730490471484
9.861195237706879
2.261622126695281
1.373937652537405
0.1951266746029305
3.945135004144135
5.6216290073306
0.951190441661536
1.0662103457767425
4.310693356187837
4.99651628022821
3.464255339684186
2.6905696798792142
2.0297899639224295
1.504552166033706
1.399507048225467
2.6545368197322805
1.721792799283672
3.2819393907515226
4.045283703165273
3.8303173272988142
3.629557010906925
1.2528078965913219
4.044870609003293
4.407144458656157
0.9538270868476075
1.2926247070165122
0.1415870336722122
2.2216385904431055
3.7627093252654804
1.6817758048216778
4.060785326076989
2.450771841237932
0.5479538400683448
0.39777273157862764
6.283472781612311
0.7957733797452677
0.22549284111690096
2.1886408975607723
1.0117049915824048
2.6800153349617193
0.6568423573731278
2.3901317563696596
8.235971469549497
0.05752084817633675
4.046046258643564
3.9389580798126063
6.585554902980009
4.713828866323948
3.2753996052741137
3.4977780060633017
2.803462766030657
3.1340158943364234
5.228219646463966
0.3671949954892044
5.607157609916121
2.1653263192474483
4.0351336645663896
3.0488478766463882
2.974008497449493
2.4748858976035115
4.552369748390454
2.370161831057564
1.3240465706116942
2.9590885813591288
2.468975261063504
0.7310882316477646
2.440171017878296
3.7511917624152087
2.2595255049824723
1.7627120726504242
1.728954933803887
0.6284181527590739
1.923941448749844
0.5689523981946657
3.019056447420684
3.109768911324246
6.242666922488741
3.3812889220605507
4.283183754425369
7.4083920874920555
0.3426534996070355
9.30322033296001
2.760676094829103
4.401213814726006
1.9317593971071865
2.167340839184288
1.9415371040512246
1.3735173386882682
1.8538517418743952
7.127000748387034
4.162446636716882
0.8883168190305796
6.1988820492723145
3.030289939806556
0.48698105134151903
2.5535597175912588
3.231549029869709
3.1146994096980456
1.7162000925363174
2.583269488299147
1.3049328704593899
3.872313072132172
3.936539975130617
0.8524379121709884
2.431493791174701
4.504395721922818
1.604526414468527
1.281249574462842
4.64649113458732
3.9781455417151257
0.260693111270603
0.9512515725322266
1.124002473288824
2.564617666780633
2.065355723535313
1.645067235575967
1.3628951150827746
1.065505285947949
2.612862945222335
3.98996559668709
1.4310272034658102
2.2150420559313075
4.050110116023433
1.5371337902921518
0.8509532368118043
4.9325750058805875
2.206969135353978
4.209612586559995
3.9539098869276414
2.399713152870739
1.0278648667931043
3.652262542689335
3.9942373428813207
2.3445182767151724
4.282487566065658
0.8078463000362834
2.7314320723126198
2.1748773453133743
5.349269701722694
2.2486715607952026
2.7674876055801656
3.296507939200596
2.4081736005175873
4.2236339775489835
1.938575740610462
3.9013110617101026
0.41595779704876934
6.325864484724971
2.2658282040540665
1.1946286916580757
0.6289692416567102
5.570694663132328
0.13103465430646888
2.617444728290181
1.4473007920083862
3.8829764514018965
2.2821138162945913
6.489106937998433
0.6994080104643747
1.6351295012582334
2.191976836121592
1.1399648147112833
2.5461349772706856
0.584855010821968
5.754041493388776
3.011710122189404
3.552588530711693
2.0079560515765444
2.5008310073297224
7.747080494950739
2.888327818585477
5.868275243209471
2.4572285738337714
2.179596845724058
3.569977300572115
4.014711826221468
1.1296784188684093
3.1568816118263427
3.89392202516162
1.9487488332452687
1.102975688014699
4.3636535610319305
1.181399036797169
0.0680716506974623
0.7813275622643157
2.1682708285687937
1.54399672844781
3.451144022465709
2.8138439506367345
2.996928786644958
0.7091797801260582
0.5750789807055628
2.7352899808011806
3.5356005451236356
3.4807689849167347
3.546685503265057
1.570486946153634
2.3823402842187713
3.603013848129461
4.095250158480244
3.37234275304529
2.5861447992221542
5.849787503214696
4.0466899607447635
0.8061293706820422
2.24191488564884
0.7259156253450759
3.0648894374547013
1.1228532979912047
0.7786159815115311
8.044900619370779
3.8906318811333205
3.7392169359111183
0.45043198195625944
6.325392330713248
0.14317262675833403
6.547150888971133
0.7601886253573642
2.598953383265848
1.7095038888046619
5.258792057783782
4.108122341658067
0.05948584629572423
6.089960364522729
3.7762837934330644
6.121985473182087
4.3216951465688584
2.7120228086286176
4.028975096425879
2.681148690462702
1.8611592557312124
2.2647718070631875
1.863216090363931
0.8542384006589284
1.9428299763215724
4.214035317643555
0.38547030879668903
4.122789178129816
4.5777768232045455
2.968754290601718
0.8708984274109539
1.2668002963503637
1.7169506222126183
0.9711350879727129
0.21828817813003176
6.504069679302522
3.765215916600366
0.9750677459097625
3.3611549676149695
0.18160432564689308
2.3065821396588877
3.4141537161793574
2.8280306442358962
2.1810322642633855
3.469812308488626
1.0686017567201678
2.7215283620121
2.441849457040113
1.5997467830917595
1.536533375817296
2.3162085756172033
1.243273582914238
0.1557541287563418
2.4446340398153628
1.298375759461306
3.55408685887725
0.40234945700832314
2.359432232702054
1.814243645212816
1.3267953210510988
1.7910949664590994
5.255893277920248
3.9957690597761446
0.8246320390796461
3.2314317773326353
6.490157223459061
2.1157492135966436
2.3069862833046755
4.178360106134162
0.45764244372173646
2.2736406495204715
3.015516501710286
1.3163566001554075
1.5621330930961483
1.4191437509552403
7.1818669225247085
2.8339531361562433
4.134677619437557
0.21216358973372546
2.3124034660571273
7.462413115839077
0.5077349579561217
0.951229198258905
3.0938994828504365
1.6015377507385105
1.2908625671918856
2.4717523613717267
2.219254358389726
2.8210987517338313
4.667386419632541
3.5058441543268226
2.968066610329265
3.055746522580396
4.702219436797168
3.66828635493284
4.412802477681293
3.730194434653902
3.8514625311702377
4.117113815717093
4.64822333198113
4.349938575751177
1.3309214519058574
1.5502536967404628
2.624146532689099
2.2742261109842166
4.365244292731926
4.931200772881348
5.264473189608871
1.2748676906362055
3.1402564184592396
2.5159834842027164
1.2215307278987686
4.914204155831062
4.226281804156363
1.9792569189284406
3.32386070137609
0.0999994175001575
3.8277164505667027
2.5389071935481824
6.25098198632193
1.2264708504874633
2.4309116486010556
2.3016076483680834
3.1533666737831503
2.775482787939689
1.3825384475886662
6.318792815883757
4.511017452351572
2.1714235338842114
3.956351840131158
3.648272882821673
3.5832042830322166
1.5660230610762473
0.7670792941383878
2.615132940422186
3.3656276565955587
3.5406580076090006
4.949127072359018
1.7716086063057688
2.464157921109803
0.1466239527636024
3.180836457020225
4.907977340314571
1.8259840521199084
1.5390979243182834
1.3675825172953908
0.49776185851365085
3.9375469738488307
5.6372747663539915
0.9045632163556595
2.284181650264455
1.9905351603833725
7.561916123990278
8.554235666610579
