7.17
0.31
0.43
1.07
0.29
1.66
4.50
3.35
4.01
6.80
1.14
0.68
1.66
0.72
5.79
0.13
0.40
0.59
6.68
1.86
7.79
6.69
1.34
1.68
1.45
1.48
6.07
0.79
3.62
1.44
0.98
7.27
1.59
2.58
4.32
1.31
3.10
5.88
4.93
0.67
0.53
3.36
7.79
7.94
1.50
0.95
0.16
3.39
2.48
0.56
0.52
3.87
2.80
0.71
4.53
1.45
1.61
1.89
5.02
3.76
3.66
5.49
0.43
0.68
4.45
2.25
1.25
0.39
7.76
0.59
0.51
0.18
2.25
1.34
1.42
3.34
0.28
0.95
3.67
2.41
0.77
5.01
5.08
11.63
1.94
6.41
1.85
1.34
6.95
2.65
8.06
10.24
3.20
3.93
1.16
4.88
4.58
4.81
0.43
0.93
8.30
1.22
0.86
4.60
2.20
1.37
8.36
4.32
1.10
1.04
1.73
6.33
0.64
2.62
4.59
3.32
6.17
0.50
0.06
0.80
2.81
3.75
4.24
4.10
0.81
0.12
0.41
1.50
3.65
3.72
2.26
5.48
6.23
4.65
6.26
1.33
2.89
6.14
4.15
3.62
2.53
1.13
4.91
0.88
0.43
7.39
0.35
0.98
1.28
1.39
1.60
0.81
0.97
0.78
5.53
2.65
0.35
6.49
1.46
1.62
7.69
0.83
0.85
2.74
1.56
7.75
4.34
3.01
1.83
1.21
6.70
1.44
0.57
0.19
7.07
3.61
2.38
0.85
1.40
2.72
1.44
1.45
3.75
10.07
2.16
7.56
5.35
1.50
0.88
0.26
4.00
3.17
1.16
3.10
1.19
3.79
4.92
1.89
0.14
4.30
2.65
6.61
0.14
1.55
2.14
3.15
1.92
1.22
6.93
0.38
5.74
0.11
0.80
0.40
2.27
1.35
0.46
0.37
0.66
0.25
6.31
0.82
1.35
1.11
4.42
1.53
3.37
0.63
5.63
0.34
0.33
0.24
1.45
0.65
1.61
3.08
4.38
0.67
4.22
0.77
0.34
0.39
5.30
5.47
0.19
7.17
0.87
6.27
6.63
6.51
2.26
1.73
0.48
4.60
3.23
0.31
2.09
0.84
0.18
2.03
0.59
2.91
0.86
1.19
0.69
4.49
0.10
7.72
1.87
2.24
0.45
3.95
3.12
4.91
3.09
4.54
3.08
1.42
0.24
4.27
1.65
0.92
1.92
7.39
0.10
0.39
2.31
3.69
1.20
3.65
1.50
6.17
1.51
0.73
0.34
4.56
3.47
1.23
0.72
1.39
0.68
0.59
5.55
7.61
4.89
2.67
5.82
0.20
0.67
0.23
0.28
0.50
7.06
1.10
7.06
0.96
0.93
3.88
1.66
0.88
0.24
0.71
0.14
0.85
2.08
0.79
2.03
1.51
1.66
2.72
3.01
3.51
8.88
5.58
0.51
0.84
0.75
1.12
2.40
0.88
7.83
7.30
0.65
0.37
0.73
3.99
1.20
3.62
0.84
0.73
0.15
1.65
6.14
2.39
6.11
0.39
0.48
3.89
3.71
1.10
6.59
2.62
2.52
7.49
2.46
4.66
2.11
1.43
1.10
0.59
0.08
0.35
5.95
1.33
0.51
0.93
3.40
0.77
2.40
0.39
0.53
0.74
7.68
0.53
0.93
2.09
5.44
0.45
0.65
0.42
5.29
2.39
0.28
3.92
2.26
8.84
1.38
0.88
7.00
4.20
5.10
3.41
12.24
1.75
4.27
0.68
0.91
0.12
5.92
0.37
0.79
0.58
1.28
0.53
0.47
1.17
6.29
0.20
0.27
1.06
2.93
2.45
0.48
5.05
2.35
0.94
1.25
4.64
3.12
7.62
3.59
5.62
1.80
0.84
5.32
0.95
0.60
1.12
2.36
2.96
3.12
0.78
4.17
5.51
7.79
0.41
4.17
0.89
2.26
0.36
3.90
0.15
0.82
3.80
3.70
4.57
1.25
0.74
6.89
1.70
1.12
0.56
0.36
7.70
2.00
5.59
5.31
1.42
0.83
5.14
1.25
4.68
2.42
1.39
0.73
5.97
1.56
0.66
0.75
6.17
2.47
1.50
2.89
2.02
8.99
2.29
3.31
1.86
0.31
1.08
1.11
1.39
3.26
5.57
2.50
1.37
5.33
2.31
0.43
5.08
2.65
5.42
1.61
0.86
6.66
1.85
7.08
10.17
0.37
0.43
1.14
4.35
2.60
1.35
1.78
2.70
1.19
0.33
4.23
3.71
0.74
1.15
2.39
2.36
5.03
1.08
3.46
2.32
0.31
1.57
4.68
7.87
4.83
4.22
6.18
0.14
0.63
0.52
0.86
0.30
0.73
0.25
0.92
5.06
1.81
0.99
0.65
4.85
4.11
5.78
3.47
0.15
0.66
1.99
0.99
0.44
5.26
2.12
0.97
0.99
4.72
6.06
0.67
0.81
0.30
7.52
1.55
1.42
1.62
3.48
0.88
1.02
7.17
5.59
2.65
2.43
4.66
0.75
5.95
2.02
1.84
6.82
1.54
4.34
0.91
4.57
1.64
0.57
6.31
0.16
1.23
3.46
5.49
2.37
2.32
2.03
1.05
2.27
2.33
1.71
4.47
6.21
0.16
0.42
0.21
6.40
1.65
0.62
0.77
0.86
0.59
0.17
7.69
6.12
4.91
4.47
1.90
0.87
5.76
3.53
2.48
7.05
1.69
1.28
1.18
6.08
1.43
0.07
1.06
5.46
1.93
5.26
2.08
4.13
0.14
0.07
1.77
3.68
1.57
4.81
4.35
5.17
9.54
0.63
0.40
2.87
3.91
2.10
1.71
7.60
0.25
1.40
0.71
6.57
1.72
1.00
0.65
6.64
1.36
0.73
0.43
0.77
5.88
0.98
0.18
3.80
6.10
1.38
8.45
5.65
5.99
3.54
2.30
5.53
2.87
2.80
6.15
6.79
3.88
8.84
2.77
1.01
1.40
8.01
0.76
0.33
2.54
3.12
1.22
4.06
3.02
1.73
2.06
1.77
0.76
3.99
2.62
6.32
0.61
1.47
0.43
6.83
7.34
3.65
2.23
1.58
2.91
0.91
3.42
1.65
1.30
0.51
0.51
7.05
3.19
1.78
0.65
0.81
0.55
5.67
1.06
0.78
2.46
3.52
3.58
1.47
0.31
4.94
2.46
3.20
2.09
1.68
1.42
1.89
0.62
1.27
5.10
2.84
2.54
1.90
4.75
0.33
1.48
3.62
4.58
0.58
0.66
0.65
3.56
3.77
1.27
3.02
2.33
1.92
2.40
1.19
5.14
3.97
1.33
7.52
4.32
1.95
4.11
2.06
3.44
1.90
1.18
1.93
3.21
2.36
2.11
3.02
4.20
2.58
1.58
5.33
4.36
2.01
7.16
4.11
0.40
0.70
0.70
0.66
7.97
4.39
3.14
6.14
1.21
4.08
6.81
7.43
3.21
7.43
6.26
2.05
3.30
1.92
3.40
0.15
0.57
0.71
0.34
0.63
0.64
2.01
0.22
7.03
1.02
0.84
7.24
1.33
1.11
7.69
3.32
6.27
4.10
0.23
0.05
4.14
7.63
0.54
2.31
2.74
2.61
1.55
1.42
0.32
5.23
4.74
1.50
0.63
2.64
1.66
0.29
0.85
3.42
1.72
1.53
3.26
0.71
0.24
0.93
5.93
6.62
3.04
6.91
0.27
2.71
0.94
0.71
0.59
0.88
0.36
0.38
2.38
0.17
0.54
3.92
2.01
6.86
1.00
0.23
0.24
0.25
2.39
1.93
1.74
1.68
0.36
0.29
0.23
7.92
1.23
0.62
0.46
0.08
0.33
1.56
1.56
2.59
0.57
0.61
1.15
0.39
0.58
6.90
5.13
3.25
1.61
7.80
1.55
0.81
3.55
2.47
0.03
0.23
6.51
0.67
3.08
2.45
5.89
1.65
0.64
0.08
0.38
7.54
0.39
0.21
2.30
2.57
0.75
1.86
0.43
7.82
0.30
1.83
5.84
1.96
0.58
7.68
0.66
0.95
2.80
3.24
6.14
1.96
5.38
2.47
0.37
1.44
5.59
2.61
6.03
1.28
0.67
0.34
1.88
3.64
8.36
1.79
0.65
0.53
7.69
1.42
0.53
2.55
1.60
2.02
10.59
7.70
0.38
0.78
0.31
0.72
0.69
6.87
1.12
3.05
2.65
0.93
0.07
7.39
0.71
0.60
3.35
5.93
4.42
6.18
3.88
2.36
1.08
0.78
4.16
3.41
2.54
0.63
1.29
1.40
0.09
1.30
5.78
6.28
1.67
0.26
6.81
2.10
0.74
3.76
3.94
0.51
4.05
3.19
0.88
1.01
0.65
0.27
7.04
1.01
2.23
2.19
0.22
5.68
1.34
4.52
0.15
1.39
0.43
1.59
0.66
1.40
2.05
1.84
0.11
5.16
1.60
0.47
0.27
0.20
2.50
6.08
1.73
1.11
5.81
0.97
0.74
2.50
0.38
5.00
3.02
1.00
6.49
2.10
3.07
5.14
6.13
0.58
7.06
0.74
0.86
1.78
0.63
1.31
5.98
1.28
0.53
0.56
6.65
5.44
5.29
4.68
5.37
2.46
0.63
0.53
5.18
0.62
3.53
3.79
0.28
5.70
4.02
2.04
1.68
0.83
0.34
0.42
7.54
0.91
1.01
1.11
1.61
6.08
0.22
0.22
3.62
2.02
1.01
0.56
5.54
1.14
1.43
1.09
0.70
0.81
1.72
2.67
2.27
0.80
3.42
8.46
0.69
0.26
0.28
5.60
2.62
2.58
0.69
0.97
5.31
2.33
4.84
0.48
0.22
1.92
2.78
0.87
0.85
5.72
1.23
0.40
0.22
5.05
1.29
1.16
5.62
2.15
7.52
6.97
2.10
0.70
2.31
0.24
1.08
1.30
5.96
1.26
5.82
3.80
3.98
4.26
0.36
0.80
1.12
1.98
6.55
2.11
1.91
4.95
3.29
6.07
1.93
2.10
6.34
7.71
1.72
4.45
10.19
3.21
1.69
0.90
0.52
4.36
0.83
2.88
1.15
6.46
6.23
1.83
0.52
3.02
0.82
0.24
0.35
2.78
2.41
4.21
2.27
1.07
8.45
0.56
0.54
0.98
0.86
1.28
7.22
0.33
0.14
1.46
5.79
2.68
2.59
6.20
1.22
1.77
3.85
3.06
5.00
1.33
0.90
7.84
4.53
0.71
3.24
3.35
4.56
3.47
2.38
5.94
0.22
0.40
6.42
2.32
2.17
0.90
2.44
1.97
0.54
5.42
2.45
1.04
1.70
2.22
3.34
3.09
4.27
0.83
0.18
1.87
3.99
1.25
0.67
0.44
3.29
4.25
1.88
0.87
0.68
0.32
5.54
2.08
2.19
1.05
1.14
0.86
1.14
1.33
2.54
5.13
1.26
0.20
2.40
5.31
7.26
7.01
3.16
5.58
0.46
2.19
2.01
3.44
5.33
1.71
1.05
0.63
6.20
