1.42
1.56
1.51
1.35
1.47
1.50
1.57
1.54
8.92
9.03
8.92
8.97
4.49
4.54
2.16
2.57
8.38
5.40
6.88
6.96
6.75
6.41
2.58
2.63
2.47
8.61
8.57
8.76
5.55
5.70
5.73
4.96
3.82
3.73
3.89
3.54
4.39
4.60
1.51
3.53
3.61
6.34
6.52
6.21
5.23
4.50
4.05
5.63
9.00
2.10
1.94
2.73
5.33
5.04
4.94
5.14
5.15
3.97
7.59
3.17
4.65
3.93
3.89
3.99
6.52
4.44
4.38
4.42
4.48
1.66
9.29
7.72
3.34
6.57
2.41
5.61
3.19
8.80
8.98
8.90
8.67
8.74
3.75
2.63
7.25
7.12
6.92
6.77
7.58
7.63
7.51
7.62
3.01
3.06
3.05
6.06
6.10
6.10
5.95
3.28
3.23
3.18
3.87
8.55
4.44
4.44
4.57
4.62
6.47
6.90
6.99
7.34
6.52
9.49
3.82
8.22
2.60
2.59
1.36
3.34
7.40
7.45
7.47
6.19
2.10
4.37
4.49
4.68
10.22
7.96
8.11
8.05
6.46
2.11
4.15
4.10
4.06
4.11
5.69
5.68
5.71
5.61
1.95
0.32
2.38
1.67
1.65
1.63
5.16
8.26
8.26
8.25
8.47
2.14
2.16
2.19
2.21
8.53
8.48
3.02
3.23
3.24
3.00
2.48
5.44
8.86
8.83
8.97
3.57
3.74
3.63
3.66
4.84
3.75
8.61
8.58
8.60
8.47
8.50
8.27
8.35
8.33
4.68
8.54
3.19
8.16
3.52
2.83
2.38
1.44
1.39
1.52
1.41
6.35
1.99
4.28
6.02
6.09
7.58
7.70
7.65
1.59
4.18
4.95
5.06
5.13
5.06
6.16
2.17
1.55
1.63
1.59
1.70
8.32
8.53
8.39
8.39
2.51
2.64
2.64
5.21
6.28
5.14
7.64
7.13
6.38
8.93
5.59
8.74
8.77
8.84
8.68
1.48
3.53
5.88
6.96
7.20
7.42
8.20
4.65
4.74
3.66
1.60
6.27
6.22
2.39
2.30
8.54
8.91
9.02
9.03
8.98
1.47
9.82
7.04
2.59
2.82
8.74
4.49
5.95
5.99
8.60
8.62
8.51
1.69
3.56
4.83
9.17
1.68
6.60
5.82
2.64
7.82
5.24
5.39
5.44
5.45
5.37
1.61
1.55
6.79
8.09
3.04
1.99
1.95
2.00
3.81
3.64
1.56
6.49
6.49
3.38
4.89
4.34
7.97
6.93
6.90
6.87
6.89
3.21
4.65
4.75
4.55
8.93
9.07
8.96
2.75
2.78
2.89
2.95
1.75
1.69
1.77
1.73
6.27
4.75
4.15
8.48
8.48
8.54
8.52
1.71
4.09
3.98
7.48
1.80
6.01
5.93
6.09
5.86
4.07
2.79
1.75
7.89
8.02
7.98
8.01
4.97
6.37
5.66
11.36
2.37
2.31
2.30
2.37
6.70
6.68
5.13
4.47
3.75
3.70
3.66
3.71
2.41
2.57
0.97
2.26
2.23
2.26
2.32
8.38
8.40
8.41
8.44
8.59
5.80
6.24
3.26
3.10
2.35
2.31
2.29
2.38
3.29
3.23
6.25
6.34
5.93
7.41
3.09
3.18
3.11
3.15
2.59
2.72
2.76
2.74
1.70
1.67
6.56
6.60
6.56
6.52
6.22
10.31
3.69
3.38
3.49
3.46
6.31
5.83
6.17
3.74
9.96
8.26
8.13
8.30
8.20
3.93
4.01
4.00
3.01
6.93
7.22
4.90
4.07
4.18
1.44
1.48
5.91
7.33
7.21
3.13
3.01
3.04
4.33
4.27
4.30
4.34
9.07
6.10
3.08
3.24
3.02
5.77
5.49
5.79
10.51
7.37
5.10
1.25
2.80
2.86
2.83
1.65
1.55
8.61
2.94
6.53
1.83
1.74
1.83
1.99
7.50
6.48
6.41
6.56
6.64
6.23
6.68
6.58
2.76
2.70
2.87
2.89
6.14
6.18
6.83
6.86
6.66
6.85
5.98
5.60
3.67
2.73
3.50
9.09
3.74
4.69
1.25
3.47
3.84
8.72
1.70
1.60
1.49
1.58
4.10
4.17
5.83
5.73
3.65
8.81
6.19
5.64
3.78
3.79
3.85
3.62
7.17
7.18
7.14
7.28
1.97
1.99
1.92
10.57
6.05
2.15
1.95
8.51
7.78
8.82
4.06
4.53
4.45
4.78
7.56
7.50
7.56
4.02
3.89
3.88
3.94
7.95
3.10
4.50
5.34
1.45
3.59
2.15
8.86
9.02
8.99
9.09
2.26
0.78
1.97
1.83
1.93
2.17
2.17
3.84
3.72
3.77
3.71
1.47
7.41
5.34
8.55
3.79
3.20
9.31
8.67
9.02
8.03
7.40
5.08
5.20
5.12
11.04
6.66
1.50
1.43
1.48
1.53
2.74
2.79
2.71
5.43
3.08
9.56
4.63
6.48
6.48
6.48
4.25
8.06
8.04
8.02
9.32
4.36
8.30
6.41
6.49
6.48
6.42
1.42
1.55
1.42
6.57
6.20
5.12
7.59
5.38
5.45
5.50
5.50
4.07
4.00
4.07
4.11
4.02
4.14
5.55
6.78
6.51
5.74
5.66
2.88
2.82
2.85
2.91
7.59
7.59
7.46
7.58
3.17
3.91
4.86
7.13
7.07
7.17
7.17
3.46
3.42
3.50
1.40
1.39
1.42
1.43
4.53
5.27
5.33
5.24
5.30
3.56
7.72
7.62
7.49
2.36
4.28
2.71
1.53
1.54
1.49
1.54
4.06
3.06
1.45
1.40
1.44
1.48
1.86
1.80
1.81
1.86
5.52
5.36
5.47
5.46
8.11
8.14
7.86
8.04
8.54
4.79
3.52
8.80
8.61
8.89
8.11
8.07
8.13
8.12
3.83
7.66
7.60
8.51
8.53
8.66
2.87
8.78
8.84
8.88
8.92
7.74
7.64
7.61
6.03
6.07
6.21
6.13
3.96
3.97
3.97
4.12
1.51
1.67
1.81
1.78
1.66
1.82
5.94
5.94
5.93
5.99
8.48
8.48
8.39
8.39
6.77
4.73
4.76
7.69
7.71
7.68
7.74
2.26
2.15
6.19
6.12
5.98
5.91
6.93
6.90
6.94
6.87
5.53
5.60
7.68
7.73
7.74
7.66
1.42
1.36
1.53
1.47
7.69
7.85
7.65
1.63
1.59
1.59
6.58
7.17
3.25
4.78
3.93
5.54
4.56
3.87
5.13
2.49
4.89
4.76
5.32
3.80
5.41
4.46
6.85
2.14
5.70
5.59
5.73
4.18
3.79
12.08
11.01
6.26
2.21
2.99
6.49
6.54
6.53
3.43
3.23
10.57
8.12
2.99
11.31
5.93
5.24
4.93
4.99
6.62
6.58
7.84
7.86
7.66
7.85
7.43
7.59
7.52
7.52
5.89
5.73
8.92
2.24
2.21
2.40
2.38
2.13
2.22
2.18
2.27
2.63
2.92
3.96
0.42
2.79
1.83
4.81
7.33
7.37
1.59
3.67
2.70
2.65
2.64
7.72
7.79
7.65
7.66
7.43
9.23
6.51
7.11
7.28
6.86
4.75
4.56
3.62
4.69
5.34
2.76
2.36
4.63
8.14
8.16
1.50
1.92
3.13
2.26
7.62
7.81
1.57
1.56
1.72
1.72
1.62
1.61
3.08
2.94
3.10
2.95
1.70
1.62
1.74
4.06
4.02
4.05
4.12
2.56
2.72
2.60
3.28
6.19
3.07
9.30
2.73
2.64
2.60
2.91
2.79
4.08
4.18
4.13
4.18
6.05
6.03
2.94
5.71
3.01
3.11
2.87
2.87
4.94
4.95
3.03
10.97
5.32
6.11
5.04
5.05
1.50
3.72
1.60
2.48
8.01
8.10
8.02
8.09
5.87
5.97
5.92
5.85
1.89
9.23
9.59
6.65
2.03
4.07
4.06
3.94
4.08
3.24
3.19
3.25
3.33
4.37
5.18
5.43
3.61
5.55
8.82
3.32
3.90
3.96
4.00
4.04
7.88
7.86
1.36
1.39
1.43
5.00
4.97
4.31
7.80
7.82
8.48
8.43
8.46
2.25
1.46
2.73
1.70
3.64
6.32
6.38
6.48
6.48
6.48
2.46
2.35
2.34
2.40
4.87
3.35
4.93
2.33
2.25
2.35
2.43
8.74
5.89
6.10
5.50
4.70
1.84
1.85
1.91
1.89
8.62
8.72
1.47
1.52
8.11
1.44
1.45
7.31
7.84
5.52
3.05
10.15
4.71
4.60
4.70
4.61
2.19
5.52
5.51
1.50
2.96
2.43
4.09
12.07
1.53
7.94
6.20
3.50
3.85
3.53
3.50
3.75
2.78
2.84
2.81
2.84
8.38
8.31
8.61
7.02
1.99
4.37
6.44
2.10
1.63
2.82
2.67
2.70
2.91
4.17
4.78
2.59
3.54
4.17
4.25
4.33
4.12
4.02
8.91
8.91
3.54
6.64
1.45
1.43
1.37
1.44
4.44
4.39
4.44
4.47
1.38
1.37
1.41
1.46
9.02
8.87
8.83
8.96
4.93
2.44
2.40
2.43
2.34
6.24
6.10
8.91
8.51
8.55
8.52
8.61
1.50
1.44
2.34
2.61
2.25
2.22
2.25
4.95
3.66
4.08
5.59
2.48
2.35
2.30
2.44
5.40
5.31
5.26
5.28
2.12
2.09
2.13
2.16
6.90
5.80
7.05
8.50
8.57
8.67
8.71
5.95
5.26
4.74
8.55
8.48
8.50
8.45
1.35
1.45
1.47
1.38
5.31
5.38
5.40
8.85
4.53
4.57
4.45
4.10
2.63
2.53
4.13
7.58
8.27
1.55
0.73
1.99
2.87
6.67
2.41
5.48
2.96
0.87
3.79
5.65
3.33
4.62
2.08
2.15
2.28
4.22
4.29
9.49
4.19
8.90
8.88
9.66
5.06
6.73
7.87
2.58
4.10
8.67
8.57
8.70
3.95
1.45
1.46
1.35
8.89
8.86
8.83
8.97
1.47
1.37
1.42
1.52
1.51
1.51
1.55
6.43
6.19
6.97
4.69
8.42
8.44
8.37
8.42
7.85
10.63
2.05
4.11
4.71
2.47
5.86
5.80
4.10
3.99
3.98
4.02
6.41
6.38
4.11
8.78
8.75
8.85
8.80
7.03
7.03
5.53
5.62
5.60
5.43
6.08
3.93
9.77
3.83
7.15
7.24
5.74
7.94
7.93
7.99
1.44
1.43
1.43
2.78
2.69
7.41
7.32
4.77
3.06
2.00
1.98
7.29
6.23
5.43
5.82
1.55
8.32
3.17
4.63
9.36
3.56
3.98
6.32
6.16
6.28
7.28
7.25
7.86
7.96
4.26
4.24
4.24
4.14
4.72
3.75
4.57
1.85
8.93
9.02
9.00
8.87
5.68
5.50
5.57
5.52
2.35
2.60
2.03
2.23
