1.00 8.99
1.00 1.56
1.00 1.51
1.00 1.35
1.00 1.47
1.00 1.50
1.00 8.71
1.00 1.54
1.00 8.92
1.00 1.46
1.00 8.92
1.00 8.97
1.00 4.49
1.00 5.61
1.00 7.92
1.00 2.57
1.00 8.38
1.00 5.40
1.00 6.88
1.00 6.96
1.00 3.27
1.00 6.41
1.00 2.58
1.00 2.63
1.00 2.47
1.00 8.61
1.00 1.55
1.00 8.76
1.00 5.55
1.00 5.70
1.00 4.45
1.00 4.96
1.00 3.82
1.00 6.29
1.00 3.89
1.00 3.54
1.00 4.57
1.00 4.60
1.00 1.51
1.00 3.53
1.00 3.61
1.00 6.34
1.00 6.52
1.00 6.21
1.00 5.23
1.00 4.50
1.00 4.05
1.00 4.51
1.00 9.00
1.00 2.10
1.00 1.94
1.00 5.29
1.00 5.33
1.00 5.04
1.00 4.94
1.00 4.92
1.00 5.15
1.00 3.97
1.00 7.59
1.00 3.17
1.00 3.42
1.00 6.11
1.00 3.89
1.00 3.99
1.00 6.52
1.00 4.44
1.00 4.38
1.00 4.42
1.00 5.66
1.00 1.66
1.00 9.29
1.00 7.72
1.00 3.34
1.00 6.57
1.00 8.13
1.00 5.61
1.00 3.19
1.00 1.51
1.00 8.98
1.00 8.90
1.00 8.67
1.00 8.74
1.00 3.75
1.00 2.63
1.00 7.25
1.00 2.93
1.00 6.92
1.00 6.77
1.00 7.58
1.00 7.63
1.00 2.43
1.00 7.62
1.00 6.99
1.00 3.06
1.00 3.05
1.00 6.06
1.00 6.10
1.00 3.97
1.00 5.95
1.00 3.28
1.00 6.78
1.00 3.18
1.00 3.87
1.00 8.55
1.00 4.44
1.00 4.44
1.00 5.48
1.00 4.62
1.00 6.47
1.00 6.90
1.00 3.08
1.00 7.34
1.00 1.70
1.00 9.49
1.00 3.82
1.00 8.22
1.00 7.36
1.00 2.59
1.00 1.36
1.00 3.34
1.00 7.40
1.00 2.59
1.00 7.47
1.00 6.19
1.00 2.10
1.00 4.37
1.00 4.49
1.00 4.68
1.00 3.52
1.00 7.96
1.00 1.94
1.00 8.05
1.00 3.50
1.00 7.88
1.00 5.96
1.00 4.10
1.00 4.06
1.00 4.11
1.00 4.43
1.00 5.68
1.00 5.71
1.00 5.61
1.00 7.11
1.00 0.32
1.00 2.38
1.00 8.47
1.00 1.65
1.00 1.63
1.00 5.16
1.00 1.89
1.00 8.26
1.00 8.25
1.00 8.47
1.00 2.14
1.00 7.74
1.00 2.19
1.00 2.21
1.00 8.53
1.00 8.48
1.00 3.02
1.00 6.98
1.00 3.24
1.00 3.00
1.00 2.48
1.00 5.44
1.00 8.86
1.00 1.40
1.00 8.97
1.00 3.57
1.00 3.74
1.00 6.37
1.00 3.66
1.00 4.84
1.00 3.75
1.00 8.61
1.00 8.58
1.00 8.60
1.00 1.64
1.00 1.69
1.00 8.27
1.00 8.35
1.00 8.33
1.00 4.68
1.00 8.54
1.00 10.17
1.00 8.16
1.00 6.62
1.00 2.83
1.00 2.38
1.00 1.44
1.00 9.00
1.00 1.52
1.00 1.41
1.00 6.35
1.00 1.99
1.00 10.94
1.00 4.36
1.00 6.09
1.00 7.58
1.00 2.37
1.00 7.65
1.00 8.40
1.00 4.18
1.00 4.95
1.00 5.06
1.00 5.13
1.00 5.06
1.00 6.16
1.00 5.94
1.00 1.55
1.00 8.41
1.00 1.59
1.00 1.70
1.00 8.32
1.00 1.69
1.00 8.39
1.00 8.39
1.00 2.51
1.00 2.64
1.00 2.64
1.00 4.93
1.00 6.28
1.00 5.14
1.00 7.64
1.00 7.13
1.00 3.68
1.00 8.93
1.00 5.59
1.00 1.41
1.00 8.77
1.00 8.84
1.00 8.68
1.00 1.48
1.00 3.53
1.00 2.28
1.00 6.96
1.00 7.20
1.00 2.80
1.00 8.20
1.00 4.65
1.00 4.74
1.00 3.66
1.00 6.41
1.00 6.27
1.00 6.22
1.00 7.68
1.00 2.30
1.00 1.19
1.00 1.41
1.00 9.02
1.00 9.03
1.00 8.98
1.00 1.47
1.00 3.21
1.00 7.04
1.00 2.59
1.00 2.82
1.00 8.74
1.00 4.49
1.00 5.95
1.00 5.99
1.00 8.60
1.00 8.62
1.00 8.51
1.00 1.69
1.00 4.49
1.00 4.83
1.00 2.83
1.00 1.68
1.00 6.60
1.00 5.82
1.00 2.64
1.00 7.82
1.00 5.38
1.00 4.67
1.00 5.44
1.00 5.45
1.00 5.37
1.00 1.61
1.00 8.48
1.00 6.79
1.00 8.09
1.00 3.04
1.00 8.06
1.00 1.95
1.00 2.00
1.00 6.27
1.00 3.64
1.00 1.56
1.00 6.49
1.00 6.49
1.00 6.68
1.00 4.89
1.00 4.34
1.00 7.97
1.00 6.93
1.00 3.08
1.00 6.87
1.00 6.89
1.00 3.21
1.00 4.65
1.00 4.75
1.00 5.57
1.00 8.93
1.00 1.51
1.00 8.96
1.00 7.27
1.00 2.78
1.00 2.89
1.00 2.95
1.00 1.75
1.00 1.69
1.00 8.33
1.00 1.73
1.00 3.75
1.00 4.75
1.00 4.15
1.00 1.57
1.00 8.48
1.00 8.54
1.00 8.52
1.00 1.71
1.00 4.09
1.00 3.98
1.00 7.48
1.00 1.80
1.00 6.01
1.00 4.16
1.00 6.09
1.00 5.86
1.00 5.94
1.00 2.79
1.00 1.75
1.00 2.17
1.00 8.02
1.00 7.98
1.00 8.01
1.00 4.97
1.00 6.37
1.00 5.66
1.00 4.45
1.00 7.66
1.00 2.31
1.00 2.30
1.00 2.37
1.00 3.37
1.00 6.68
1.00 4.61
1.00 4.47
1.00 3.75
1.00 3.70
1.00 3.66
1.00 6.37
1.00 2.41
1.00 7.43
1.00 0.97
1.00 2.26
1.00 7.75
1.00 2.26
1.00 2.32
1.00 8.38
1.00 8.40
1.00 8.41
1.00 1.68
1.00 8.59
1.00 2.25
1.00 6.24
1.00 3.26
1.00 3.10
1.00 2.35
1.00 2.31
1.00 2.29
1.00 7.76
1.00 3.29
1.00 3.23
1.00 3.78
1.00 6.34
1.00 5.93
1.00 7.41
1.00 3.09
1.00 3.18
1.00 3.11
1.00 6.87
1.00 2.59
1.00 2.72
1.00 7.36
1.00 2.74
1.00 1.70
1.00 1.67
1.00 6.56
1.00 3.49
1.00 6.56
1.00 6.52
1.00 6.22
1.00 10.31
1.00 6.08
1.00 3.38
1.00 3.49
1.00 6.69
1.00 6.31
1.00 2.47
1.00 6.17
1.00 3.74
1.00 9.96
1.00 1.77
1.00 8.13
1.00 8.30
1.00 8.20
1.00 6.17
1.00 4.01
1.00 4.00
1.00 3.01
1.00 6.93
1.00 7.22
1.00 4.90
1.00 4.07
1.00 5.84
1.00 1.44
1.00 1.48
1.00 4.14
1.00 7.33
1.00 7.21
1.00 3.13
1.00 7.02
1.00 3.04
1.00 4.33
1.00 4.27
1.00 5.69
1.00 4.34
1.00 9.07
1.00 6.10
1.00 7.02
1.00 3.24
1.00 3.02
1.00 4.30
1.00 5.49
1.00 5.79
1.00 10.51
1.00 7.37
1.00 3.20
1.00 1.25
1.00 2.80
1.00 2.86
1.00 7.24
1.00 8.49
1.00 1.55
1.00 8.61
1.00 2.94
1.00 6.53
1.00 1.83
1.00 8.27
1.00 1.83
1.00 1.99
1.00 7.50
1.00 3.64
1.00 6.41
1.00 6.56
1.00 6.64
1.00 3.80
1.00 6.68
1.00 6.58
1.00 2.76
1.00 2.70
1.00 7.18
1.00 2.89
1.00 6.14
1.00 6.18
1.00 6.83
1.00 6.86
1.00 3.33
1.00 6.85
1.00 5.98
1.00 3.22
1.00 3.67
1.00 2.73
1.00 10.35
1.00 9.09
1.00 3.74
1.00 4.69
1.00 8.75
1.00 3.47
1.00 3.84
1.00 8.72
1.00 8.58
1.00 1.60
1.00 1.49
1.00 1.58
1.00 4.10
1.00 4.17
1.00 5.83
1.00 5.73
1.00 4.47
1.00 8.81
1.00 6.19
1.00 5.64
1.00 3.78
1.00 6.32
1.00 3.85
1.00 3.62
1.00 7.17
1.00 7.18
1.00 2.83
1.00 7.28
1.00 1.97
1.00 8.01
1.00 1.92
1.00 4.08
1.00 6.05
1.00 2.15
1.00 1.95
1.00 1.73
1.00 7.78
1.00 8.82
1.00 4.06
1.00 5.49
1.00 4.45
1.00 4.78
1.00 7.56
1.00 2.58
1.00 7.56
1.00 4.02
1.00 3.89
1.00 6.08
1.00 3.94
1.00 2.03
1.00 3.10
1.00 5.39
1.00 5.34
1.00 1.45
1.00 3.59
1.00 6.00
1.00 8.86
1.00 9.02
1.00 8.99
1.00 1.52
1.00 2.26
1.00 0.78
1.00 1.97
1.00 1.83
1.00 1.93
1.00 2.17
1.00 2.17
1.00 3.84
1.00 6.41
1.00 3.77
1.00 3.71
1.00 1.47
1.00 7.41
1.00 4.79
1.00 8.55
1.00 6.72
1.00 3.20
1.00 9.31
1.00 8.67
1.00 9.02
1.00 8.03
1.00 1.58
1.00 5.08
1.00 5.20
1.00 5.12
1.00 4.54
1.00 6.66
1.00 1.50
1.00 1.43
1.00 1.48
1.00 9.08
1.00 2.74
1.00 2.79
1.00 7.22
1.00 5.43
1.00 3.08
1.00 9.56
1.00 11.24
1.00 6.48
1.00 6.48
1.00 6.48
1.00 4.74
1.00 8.06
1.00 1.99
1.00 8.02
1.00 9.32
1.00 3.66
1.00 8.30
1.00 6.41
1.00 6.49
1.00 3.62
1.00 6.42
1.00 1.42
1.00 8.83
1.00 1.42
1.00 6.57
1.00 6.20
1.00 4.62
1.00 7.59
1.00 5.38
1.00 5.45
1.00 4.62
1.00 5.50
1.00 4.07
1.00 4.00
1.00 5.98
1.00 5.99
1.00 4.02
1.00 4.14
1.00 5.55
1.00 6.78
1.00 2.43
1.00 5.74
1.00 5.66
1.00 2.88
1.00 2.82
1.00 2.85
1.00 7.21
1.00 7.59
1.00 7.59
1.00 2.41
1.00 7.58
1.00 3.17
1.00 10.99
1.00 4.86
1.00 7.13
1.00 2.92
1.00 7.17
1.00 7.17
1.00 3.46
1.00 6.66
1.00 3.50
1.00 1.40
1.00 1.39
1.00 8.93
1.00 1.43
1.00 5.55
1.00 5.27
1.00 4.74
1.00 5.24
1.00 5.30
1.00 3.56
1.00 7.72
1.00 7.62
1.00 7.49
1.00 2.36
1.00 4.28
1.00 5.60
1.00 1.53
1.00 1.54
1.00 1.49
1.00 8.65
1.00 4.06
1.00 3.06
1.00 8.90
1.00 1.40
1.00 1.44
1.00 1.48
1.00 8.28
1.00 1.80
1.00 1.81
1.00 1.86
1.00 4.53
1.00 5.36
1.00 5.47
1.00 5.46
1.00 8.11
1.00 1.81
1.00 7.86
1.00 8.04
1.00 8.54
1.00 5.32
1.00 3.52
1.00 8.80
1.00 8.61
1.00 8.89
1.00 8.11
1.00 8.07
1.00 1.93
1.00 8.12
1.00 3.83
1.00 7.66
1.00 7.60
1.00 8.51
1.00 8.53
1.00 8.66
1.00 2.87
1.00 8.78
1.00 1.46
1.00 8.88
1.00 8.92
1.00 2.35
1.00 7.64
1.00 7.61
1.00 6.03
1.00 6.07
1.00 3.90
1.00 6.13
1.00 3.96
1.00 3.97
1.00 6.16
1.00 4.12
1.00 8.73
1.00 1.67
1.00 1.81
1.00 1.78
1.00 8.47
1.00 8.20
1.00 5.94
1.00 5.94
1.00 4.19
1.00 5.99
1.00 1.67
1.00 8.48
1.00 8.39
1.00 8.39
1.00 6.77
1.00 4.73
1.00 5.28
1.00 2.34
1.00 7.71
1.00 7.68
1.00 7.74
1.00 2.26
1.00 7.76
1.00 6.19
1.00 6.12
1.00 4.05
1.00 5.91
1.00 6.93
1.00 6.90
1.00 6.94
1.00 3.08
1.00 5.53
1.00 5.60
1.00 7.68
1.00 7.73
1.00 2.28
1.00 7.66
1.00 1.42
1.00 1.36
1.00 8.93
1.00 1.47
1.00 7.69
1.00 7.85
1.00 2.27
1.00 1.63
1.00 1.59
1.00 1.59
1.00 1.81
1.00 7.17
1.00 3.25
1.00 4.78
1.00 3.93
1.00 5.27
1.00 4.56
1.00 5.05
1.00 5.13
1.00 2.49
1.00 4.89
1.00 4.76
1.00 5.61
1.00 3.80
1.00 5.41
1.00 4.46
1.00 6.85
1.00 8.23
1.00 5.70
1.00 4.53
1.00 5.73
1.00 4.18
1.00 3.79
1.00 5.24
1.00 11.01
1.00 6.26
1.00 5.95
1.00 2.99
1.00 6.49
1.00 6.54
1.00 6.53
1.00 6.58
1.00 3.23
1.00 10.57
1.00 8.12
1.00 8.91
1.00 11.31
1.00 5.93
1.00 5.24
1.00 4.93
1.00 5.12
1.00 6.62
1.00 3.43
1.00 7.84
1.00 2.19
1.00 7.66
1.00 7.85
1.00 7.43
1.00 7.59
1.00 2.44
1.00 7.52
1.00 4.11
1.00 5.73
1.00 8.92
1.00 7.70
1.00 2.21
1.00 2.40
1.00 2.38
1.00 2.13
1.00 2.22
1.00 2.18
1.00 7.80
1.00 2.63
1.00 9.98
1.00 3.96
1.00 0.42
1.00 8.92
1.00 1.83
1.00 4.81
1.00 7.33
1.00 7.37
1.00 1.59
1.00 4.68
1.00 2.70
1.00 2.65
1.00 7.41
1.00 7.72
1.00 2.28
1.00 7.65
1.00 7.66
1.00 1.17
1.00 9.23
1.00 6.51
1.00 7.11
1.00 7.28
1.00 1.61
1.00 4.75
1.00 5.49
1.00 3.62
1.00 4.69
1.00 5.34
1.00 2.76
1.00 2.36
1.00 4.63
1.00 1.96
1.00 8.16
1.00 1.50
1.00 1.92
1.00 3.13
1.00 6.86
1.00 7.62
1.00 7.81
1.00 8.57
1.00 1.56
1.00 8.38
1.00 1.72
1.00 1.62
1.00 1.61
1.00 3.08
1.00 2.94
1.00 3.10
1.00 7.01
1.00 1.70
1.00 1.62
1.00 1.74
1.00 4.06
1.00 6.09
1.00 4.05
1.00 4.12
1.00 2.56
1.00 2.72
1.00 7.40
1.00 3.28
1.00 6.19
1.00 3.07
1.00 9.30
1.00 2.73
1.00 2.64
1.00 7.51
1.00 2.91
1.00 2.79
1.00 4.08
1.00 4.18
1.00 4.13
1.00 5.97
1.00 3.96
1.00 6.03
1.00 2.94
1.00 5.71
1.00 3.01
1.00 3.11
1.00 2.87
1.00 7.10
1.00 5.07
1.00 4.95
1.00 3.03
1.00 3.91
1.00 5.32
1.00 6.11
1.00 5.04
1.00 5.05
1.00 1.50
1.00 3.72
1.00 6.56
1.00 2.48
1.00 8.01
1.00 8.10
1.00 2.12
1.00 8.09
1.00 5.87
1.00 5.97
1.00 5.92
1.00 4.22
1.00 1.89
1.00 3.88
1.00 9.59
1.00 6.65
1.00 2.03
1.00 4.07
1.00 4.06
1.00 6.18
1.00 4.08
1.00 3.24
1.00 6.74
1.00 3.25
1.00 3.33
1.00 5.77
1.00 5.18
1.00 5.43
1.00 3.61
1.00 5.55
1.00 3.21
1.00 3.32
1.00 6.09
1.00 3.96
1.00 4.00
1.00 4.04
1.00 7.88
1.00 7.86
1.00 8.92
1.00 1.39
1.00 1.43
1.00 5.00
1.00 4.97
1.00 4.61
1.00 7.80
1.00 7.82
1.00 8.48
1.00 8.43
1.00 1.64
1.00 2.25
1.00 1.46
1.00 2.73
1.00 6.45
1.00 3.64
1.00 6.32
1.00 3.59
1.00 6.48
1.00 6.48
1.00 6.48
1.00 2.46
1.00 2.35
1.00 7.52
1.00 2.40
1.00 4.87
1.00 3.35
1.00 5.08
1.00 2.33
1.00 7.73
1.00 2.35
1.00 2.43
1.00 8.74
1.00 5.89
1.00 3.97
1.00 5.50
1.00 4.70
1.00 1.84
1.00 1.85
1.00 8.27
1.00 1.89
1.00 8.62
1.00 8.72
1.00 1.47
1.00 1.52
1.00 8.11
1.00 1.44
1.00 1.45
1.00 7.31
1.00 7.84
1.00 5.52
1.00 3.05
1.00 3.58
1.00 4.71
1.00 4.60
1.00 5.29
1.00 4.61
1.00 2.19
1.00 4.58
1.00 5.51
1.00 1.50
1.00 2.96
1.00 2.43
1.00 4.09
1.00 5.01
1.00 8.65
1.00 7.94
1.00 6.20
1.00 3.50
1.00 9.04
1.00 6.47
1.00 3.50
1.00 3.75
1.00 2.78
1.00 2.84
1.00 2.81
1.00 7.19
1.00 1.64
1.00 8.31
1.00 8.61
1.00 7.02
1.00 6.63
1.00 4.37
1.00 6.44
1.00 2.10
1.00 1.63
1.00 2.82
1.00 7.26
1.00 2.70
1.00 2.91
1.00 5.86
1.00 4.78
1.00 2.59
1.00 3.54
1.00 4.17
1.00 5.86
1.00 4.33
1.00 4.12
1.00 6.07
1.00 1.46
1.00 8.91
1.00 3.54
1.00 6.64
1.00 1.45
1.00 8.93
1.00 1.37
1.00 1.44
1.00 4.44
1.00 4.39
1.00 5.59
1.00 4.47
1.00 1.38
1.00 1.37
1.00 1.41
1.00 9.08
1.00 9.02
1.00 8.87
1.00 8.83
1.00 1.53
1.00 4.93
1.00 2.44
1.00 2.40
1.00 7.61
1.00 2.34
1.00 6.24
1.00 3.94
1.00 8.91
1.00 8.51
1.00 8.55
1.00 1.64
1.00 8.61
1.00 1.50
1.00 1.44
1.00 2.34
1.00 7.42
1.00 2.25
1.00 2.22
1.00 7.70
1.00 4.95
1.00 4.39
1.00 4.08
1.00 5.59
1.00 7.66
1.00 2.35
1.00 2.30
1.00 2.44
1.00 4.75
1.00 5.31
1.00 5.26
1.00 5.28
1.00 2.12
1.00 2.09
1.00 7.83
1.00 2.16
1.00 3.13
1.00 5.80
1.00 7.05
1.00 1.52
1.00 8.57
1.00 8.67
1.00 8.71
1.00 5.95
1.00 4.77
1.00 4.74
1.00 8.55
1.00 8.48
1.00 1.69
1.00 8.45
1.00 8.98
1.00 1.45
1.00 1.47
1.00 1.38
1.00 5.31
1.00 5.38
1.00 5.40
1.00 8.85
1.00 4.53
1.00 4.57
1.00 4.45
1.00 5.34
1.00 2.63
1.00 2.53
1.00 4.14
1.00 7.58
1.00 8.27
1.00 8.74
1.00 0.73
1.00 1.99
1.00 2.87
1.00 6.67
1.00 2.41
1.00 5.48
1.00 7.79
1.00 0.87
1.00 3.79
1.00 5.65
1.00 3.33
1.00 11.66
1.00 2.08
1.00 2.15
1.00 7.85
1.00 4.22
1.00 5.90
1.00 9.49
1.00 4.19
1.00 8.90
1.00 1.46
1.00 2.82
1.00 5.06
1.00 6.73
1.00 7.87
1.00 2.58
1.00 4.10
1.00 8.67
1.00 1.57
1.00 8.70
1.00 3.95
1.00 1.45
1.00 1.46
1.00 8.95
1.00 1.38
1.00 8.86
1.00 8.83
1.00 8.97
1.00 8.86
1.00 1.37
1.00 1.42
1.00 1.52
1.00 1.51
1.00 1.51
1.00 1.55
1.00 6.43
1.00 6.19
1.00 4.48
1.00 4.69
1.00 8.42
1.00 1.71
1.00 8.37
1.00 8.42
1.00 7.85
1.00 10.63
1.00 2.05
1.00 3.91
1.00 4.71
1.00 2.47
1.00 5.86
1.00 4.23
1.00 4.10
1.00 3.99
1.00 6.03
1.00 4.02
1.00 3.76
1.00 6.38
1.00 4.11
1.00 8.78
1.00 8.75
1.00 8.85
1.00 1.40
1.00 7.03
1.00 7.03
1.00 5.53
1.00 4.46
1.00 5.60
1.00 5.43
1.00 6.08
1.00 5.89
1.00 9.77
1.00 3.83
1.00 7.15
1.00 7.24
1.00 5.74
1.00 7.94
1.00 2.05
1.00 7.99
1.00 1.44
1.00 9.02
1.00 1.43
1.00 2.78
1.00 2.69
1.00 2.64
1.00 7.32
1.00 4.77
1.00 3.06
1.00 2.00
1.00 1.98
1.00 7.29
1.00 3.85
1.00 5.43
1.00 5.82
1.00 1.55
1.00 0.89
1.00 3.17
1.00 4.63
1.00 9.36
1.00 3.56
1.00 3.98
1.00 3.77
1.00 6.16
1.00 6.28
1.00 7.28
1.00 7.25
1.00 7.86
1.00 7.96
1.00 4.26
1.00 5.86
1.00 4.24
1.00 4.14
1.00 4.72
1.00 4.49
1.00 4.57
1.00 1.85
1.00 8.93
1.00 9.02
1.00 1.49
1.00 8.87
1.00 5.68
1.00 5.50
1.00 4.51
1.00 5.52
1.00 2.35
1.00 2.60
1.00 2.03
1.00 7.95
3.00 7.17
3.00 0.31
3.00 0.43
3.00 1.07
3.00 0.29
3.00 1.66
3.00 4.50
3.00 3.35
3.00 4.01
3.00 6.80
3.00 1.14
3.00 0.68
3.00 1.66
3.00 0.72
3.00 5.79
3.00 0.13
3.00 0.40
3.00 0.59
3.00 6.68
3.00 1.86
3.00 7.79
3.00 6.69
3.00 1.34
3.00 1.68
3.00 1.45
3.00 1.48
3.00 6.07
3.00 0.79
3.00 3.62
3.00 1.44
3.00 0.98
3.00 7.27
3.00 1.59
3.00 2.58
3.00 4.32
3.00 1.31
3.00 3.10
3.00 5.88
3.00 4.93
3.00 0.67
3.00 0.53
3.00 3.36
3.00 7.79
3.00 7.94
3.00 1.50
3.00 0.95
3.00 0.16
3.00 3.39
3.00 2.48
3.00 0.56
3.00 0.52
3.00 3.87
3.00 2.80
3.00 0.71
3.00 4.53
3.00 1.45
3.00 1.61
3.00 1.89
3.00 5.02
3.00 3.76
3.00 3.66
3.00 5.49
3.00 0.43
3.00 0.68
3.00 4.45
3.00 2.25
3.00 1.25
3.00 0.39
3.00 7.76
3.00 0.59
3.00 0.51
3.00 0.18
3.00 2.25
3.00 1.34
3.00 1.42
3.00 3.34
3.00 0.28
3.00 0.95
3.00 3.67
3.00 2.41
3.00 0.77
3.00 5.01
3.00 5.08
3.00 11.63
3.00 1.94
3.00 6.41
3.00 1.85
3.00 1.34
3.00 6.95
3.00 2.65
3.00 8.06
3.00 10.24
3.00 3.20
3.00 3.93
3.00 1.16
3.00 4.88
3.00 4.58
3.00 4.81
3.00 0.43
3.00 0.93
3.00 8.30
3.00 1.22
3.00 0.86
3.00 4.60
3.00 2.20
3.00 1.37
3.00 8.36
3.00 4.32
3.00 1.10
3.00 1.04
3.00 1.73
3.00 6.33
3.00 0.64
3.00 2.62
3.00 4.59
3.00 3.32
3.00 6.17
3.00 0.50
3.00 0.06
3.00 0.80
3.00 2.81
3.00 3.75
3.00 4.24
3.00 4.10
3.00 0.81
3.00 0.12
3.00 0.41
3.00 1.50
3.00 3.65
3.00 3.72
3.00 2.26
3.00 5.48
3.00 6.23
3.00 4.65
3.00 6.26
3.00 1.33
3.00 2.89
3.00 6.14
3.00 4.15
3.00 3.62
3.00 2.53
3.00 1.13
3.00 4.91
3.00 0.88
3.00 0.43
3.00 7.39
3.00 0.35
3.00 0.98
3.00 1.28
3.00 1.39
3.00 1.60
3.00 0.81
3.00 0.97
3.00 0.78
3.00 5.53
3.00 2.65
3.00 0.35
3.00 6.49
3.00 1.46
3.00 1.62
3.00 7.69
3.00 0.83
3.00 0.85
3.00 2.74
3.00 1.56
3.00 7.75
3.00 4.34
3.00 3.01
3.00 1.83
3.00 1.21
3.00 6.70
3.00 1.44
3.00 0.57
3.00 0.19
3.00 7.07
3.00 3.61
3.00 2.38
3.00 0.85
3.00 1.40
3.00 2.72
3.00 1.44
3.00 1.45
3.00 3.75
3.00 10.07
3.00 2.16
3.00 7.56
3.00 5.35
3.00 1.50
3.00 0.88
3.00 0.26
3.00 4.00
3.00 3.17
3.00 1.16
3.00 3.10
3.00 1.19
3.00 3.79
3.00 4.92
3.00 1.89
3.00 0.14
3.00 4.30
3.00 2.65
3.00 6.61
3.00 0.14
3.00 1.55
3.00 2.14
3.00 3.15
3.00 1.92
3.00 1.22
3.00 6.93
3.00 0.38
3.00 5.74
3.00 0.11
3.00 0.80
3.00 0.40
3.00 2.27
3.00 1.35
3.00 0.46
3.00 0.37
3.00 0.66
3.00 0.25
3.00 6.31
3.00 0.82
3.00 1.35
3.00 1.11
3.00 4.42
3.00 1.53
3.00 3.37
3.00 0.63
3.00 5.63
3.00 0.34
3.00 0.33
3.00 0.24
3.00 1.45
3.00 0.65
3.00 1.61
3.00 3.08
3.00 4.38
3.00 0.67
3.00 4.22
3.00 0.77
3.00 0.34
3.00 0.39
3.00 5.30
3.00 5.47
3.00 0.19
3.00 7.17
3.00 0.87
3.00 6.27
3.00 6.63
3.00 6.51
3.00 2.26
3.00 1.73
3.00 0.48
3.00 4.60
3.00 3.23
3.00 0.31
3.00 2.09
3.00 0.84
3.00 0.18
3.00 2.03
3.00 0.59
3.00 2.91
3.00 0.86
3.00 1.19
3.00 0.69
3.00 4.49
3.00 0.10
3.00 7.72
3.00 1.87
3.00 2.24
3.00 0.45
3.00 3.95
3.00 3.12
3.00 4.91
3.00 3.09
3.00 4.54
3.00 3.08
3.00 1.42
3.00 0.24
3.00 4.27
3.00 1.65
3.00 0.92
3.00 1.92
3.00 7.39
3.00 0.10
3.00 0.39
3.00 2.31
3.00 3.69
3.00 1.20
3.00 3.65
3.00 1.50
3.00 6.17
3.00 1.51
3.00 0.73
3.00 0.34
3.00 4.56
3.00 3.47
3.00 1.23
3.00 0.72
3.00 1.39
3.00 0.68
3.00 0.59
3.00 5.55
3.00 7.61
3.00 4.89
3.00 2.67
3.00 5.82
3.00 0.20
3.00 0.67
3.00 0.23
3.00 0.28
3.00 0.50
3.00 7.06
3.00 1.10
3.00 7.06
3.00 0.96
3.00 0.93
3.00 3.88
3.00 1.66
3.00 0.88
3.00 0.24
3.00 0.71
3.00 0.14
3.00 0.85
3.00 2.08
3.00 0.79
3.00 2.03
3.00 1.51
3.00 1.66
3.00 2.72
3.00 3.01
3.00 3.51
3.00 8.88
3.00 5.58
3.00 0.51
3.00 0.84
3.00 0.75
3.00 1.12
3.00 2.40
3.00 0.88
3.00 7.83
3.00 7.30
3.00 0.65
3.00 0.37
3.00 0.73
3.00 3.99
3.00 1.20
3.00 3.62
3.00 0.84
3.00 0.73
3.00 0.15
3.00 1.65
3.00 6.14
3.00 2.39
3.00 6.11
3.00 0.39
3.00 0.48
3.00 3.89
3.00 3.71
3.00 1.10
3.00 6.59
3.00 2.62
3.00 2.52
3.00 7.49
3.00 2.46
3.00 4.66
3.00 2.11
3.00 1.43
3.00 1.10
3.00 0.59
3.00 0.08
3.00 0.35
3.00 5.95
3.00 1.33
3.00 0.51
3.00 0.93
3.00 3.40
3.00 0.77
3.00 2.40
3.00 0.39
3.00 0.53
3.00 0.74
3.00 7.68
3.00 0.53
3.00 0.93
3.00 2.09
3.00 5.44
3.00 0.45
3.00 0.65
3.00 0.42
3.00 5.29
3.00 2.39
3.00 0.28
3.00 3.92
3.00 2.26
3.00 8.84
3.00 1.38
3.00 0.88
3.00 7.00
3.00 4.20
3.00 5.10
3.00 3.41
3.00 12.24
3.00 1.75
3.00 4.27
3.00 0.68
3.00 0.91
3.00 0.12
3.00 5.92
3.00 0.37
3.00 0.79
3.00 0.58
3.00 1.28
3.00 0.53
3.00 0.47
3.00 1.17
3.00 6.29
3.00 0.20
3.00 0.27
3.00 1.06
3.00 2.93
3.00 2.45
3.00 0.48
3.00 5.05
3.00 2.35
3.00 0.94
3.00 1.25
3.00 4.64
3.00 3.12
3.00 7.62
3.00 3.59
3.00 5.62
3.00 1.80
3.00 0.84
3.00 5.32
3.00 0.95
3.00 0.60
3.00 1.12
3.00 2.36
3.00 2.96
3.00 3.12
3.00 0.78
3.00 4.17
3.00 5.51
3.00 7.79
3.00 0.41
3.00 4.17
3.00 0.89
3.00 2.26
3.00 0.36
3.00 3.90
3.00 0.15
3.00 0.82
3.00 3.80
3.00 3.70
3.00 4.57
3.00 1.25
3.00 0.74
3.00 6.89
3.00 1.70
3.00 1.12
3.00 0.56
3.00 0.36
3.00 7.70
3.00 2.00
3.00 5.59
3.00 5.31
3.00 1.42
3.00 0.83
3.00 5.14
3.00 1.25
3.00 4.68
3.00 2.42
3.00 1.39
3.00 0.73
3.00 5.97
3.00 1.56
3.00 0.66
3.00 0.75
3.00 6.17
3.00 2.47
3.00 1.50
3.00 2.89
3.00 2.02
3.00 8.99
3.00 2.29
3.00 3.31
3.00 1.86
3.00 0.31
3.00 1.08
3.00 1.11
3.00 1.39
3.00 3.26
3.00 5.57
3.00 2.50
3.00 1.37
3.00 5.33
3.00 2.31
3.00 0.43
3.00 5.08
3.00 2.65
3.00 5.42
3.00 1.61
3.00 0.86
3.00 6.66
3.00 1.85
3.00 7.08
3.00 10.17
3.00 0.37
3.00 0.43
3.00 1.14
3.00 4.35
3.00 2.60
3.00 1.35
3.00 1.78
3.00 2.70
3.00 1.19
3.00 0.33
3.00 4.23
3.00 3.71
3.00 0.74
3.00 1.15
3.00 2.39
3.00 2.36
3.00 5.03
3.00 1.08
3.00 3.46
3.00 2.32
3.00 0.31
3.00 1.57
3.00 4.68
3.00 7.87
3.00 4.83
3.00 4.22
3.00 6.18
3.00 0.14
3.00 0.63
3.00 0.52
3.00 0.86
3.00 0.30
3.00 0.73
3.00 0.25
3.00 0.92
3.00 5.06
3.00 1.81
3.00 0.99
3.00 0.65
3.00 4.85
3.00 4.11
3.00 5.78
3.00 3.47
3.00 0.15
3.00 0.66
3.00 1.99
3.00 0.99
3.00 0.44
3.00 5.26
3.00 2.12
3.00 0.97
3.00 0.99
3.00 4.72
3.00 6.06
3.00 0.67
3.00 0.81
3.00 0.30
3.00 7.52
3.00 1.55
3.00 1.42
3.00 1.62
3.00 3.48
3.00 0.88
3.00 1.02
3.00 7.17
3.00 5.59
3.00 2.65
3.00 2.43
3.00 4.66
3.00 0.75
3.00 5.95
3.00 2.02
3.00 1.84
3.00 6.82
3.00 1.54
3.00 4.34
3.00 0.91
3.00 4.57
3.00 1.64
3.00 0.57
3.00 6.31
3.00 0.16
3.00 1.23
3.00 3.46
3.00 5.49
3.00 2.37
3.00 2.32
3.00 2.03
3.00 1.05
3.00 2.27
3.00 2.33
3.00 1.71
3.00 4.47
3.00 6.21
3.00 0.16
3.00 0.42
3.00 0.21
3.00 6.40
3.00 1.65
3.00 0.62
3.00 0.77
3.00 0.86
3.00 0.59
3.00 0.17
3.00 7.69
3.00 6.12
3.00 4.91
3.00 4.47
3.00 1.90
3.00 0.87
3.00 5.76
3.00 3.53
3.00 2.48
3.00 7.05
3.00 1.69
3.00 1.28
3.00 1.18
3.00 6.08
3.00 1.43
3.00 0.07
3.00 1.06
3.00 5.46
3.00 1.93
3.00 5.26
3.00 2.08
3.00 4.13
3.00 0.14
3.00 0.07
3.00 1.77
3.00 3.68
3.00 1.57
3.00 4.81
3.00 4.35
3.00 5.17
3.00 9.54
3.00 0.63
3.00 0.40
3.00 2.87
3.00 3.91
3.00 2.10
3.00 1.71
3.00 7.60
3.00 0.25
3.00 1.40
3.00 0.71
3.00 6.57
3.00 1.72
3.00 1.00
3.00 0.65
3.00 6.64
3.00 1.36
3.00 0.73
3.00 0.43
3.00 0.77
3.00 5.88
3.00 0.98
3.00 0.18
3.00 3.80
3.00 6.10
3.00 1.38
3.00 8.45
3.00 5.65
3.00 5.99
3.00 3.54
3.00 2.30
3.00 5.53
3.00 2.87
3.00 2.80
3.00 6.15
3.00 6.79
3.00 3.88
3.00 8.84
3.00 2.77
3.00 1.01
3.00 1.40
3.00 8.01
3.00 0.76
3.00 0.33
3.00 2.54
3.00 3.12
3.00 1.22
3.00 4.06
3.00 3.02
3.00 1.73
3.00 2.06
3.00 1.77
3.00 0.76
3.00 3.99
3.00 2.62
3.00 6.32
3.00 0.61
3.00 1.47
3.00 0.43
3.00 6.83
3.00 7.34
3.00 3.65
3.00 2.23
3.00 1.58
3.00 2.91
3.00 0.91
3.00 3.42
3.00 1.65
3.00 1.30
3.00 0.51
3.00 0.51
3.00 7.05
3.00 3.19
3.00 1.78
3.00 0.65
3.00 0.81
3.00 0.55
3.00 5.67
3.00 1.06
3.00 0.78
3.00 2.46
3.00 3.52
3.00 3.58
3.00 1.47
3.00 0.31
3.00 4.94
3.00 2.46
3.00 3.20
3.00 2.09
3.00 1.68
3.00 1.42
3.00 1.89
3.00 0.62
3.00 1.27
3.00 5.10
3.00 2.84
3.00 2.54
3.00 1.90
3.00 4.75
3.00 0.33
3.00 1.48
3.00 3.62
3.00 4.58
3.00 0.58
3.00 0.66
3.00 0.65
3.00 3.56
3.00 3.77
3.00 1.27
3.00 3.02
3.00 2.33
3.00 1.92
3.00 2.40
3.00 1.19
3.00 5.14
3.00 3.97
3.00 1.33
3.00 7.52
3.00 4.32
3.00 1.95
3.00 4.11
3.00 2.06
3.00 3.44
3.00 1.90
3.00 1.18
3.00 1.93
3.00 3.21
3.00 2.36
3.00 2.11
3.00 3.02
3.00 4.20
3.00 2.58
3.00 1.58
3.00 5.33
3.00 4.36
3.00 2.01
3.00 7.16
3.00 4.11
3.00 0.40
3.00 0.70
3.00 0.70
3.00 0.66
3.00 7.97
3.00 4.39
3.00 3.14
3.00 6.14
3.00 1.21
3.00 4.08
3.00 6.81
3.00 7.43
3.00 3.21
3.00 7.43
3.00 6.26
3.00 2.05
3.00 3.30
3.00 1.92
3.00 3.40
3.00 0.15
3.00 0.57
3.00 0.71
3.00 0.34
3.00 0.63
3.00 0.64
3.00 2.01
3.00 0.22
3.00 7.03
3.00 1.02
3.00 0.84
3.00 7.24
3.00 1.33
3.00 1.11
3.00 7.69
3.00 3.32
3.00 6.27
3.00 4.10
3.00 0.23
3.00 0.05
3.00 4.14
3.00 7.63
3.00 0.54
3.00 2.31
3.00 2.74
3.00 2.61
3.00 1.55
3.00 1.42
3.00 0.32
3.00 5.23
3.00 4.74
3.00 1.50
3.00 0.63
3.00 2.64
3.00 1.66
3.00 0.29
3.00 0.85
3.00 3.42
3.00 1.72
3.00 1.53
3.00 3.26
3.00 0.71
3.00 0.24
3.00 0.93
3.00 5.93
3.00 6.62
3.00 3.04
3.00 6.91
3.00 0.27
3.00 2.71
3.00 0.94
3.00 0.71
3.00 0.59
3.00 0.88
3.00 0.36
3.00 0.38
3.00 2.38
3.00 0.17
3.00 0.54
3.00 3.92
3.00 2.01
3.00 6.86
3.00 1.00
3.00 0.23
3.00 0.24
3.00 0.25
3.00 2.39
3.00 1.93
3.00 1.74
3.00 1.68
3.00 0.36
3.00 0.29
3.00 0.23
3.00 7.92
3.00 1.23
3.00 0.62
3.00 0.46
3.00 0.08
3.00 0.33
3.00 1.56
3.00 1.56
3.00 2.59
3.00 0.57
3.00 0.61
3.00 1.15
3.00 0.39
3.00 0.58
3.00 6.90
3.00 5.13
3.00 3.25
3.00 1.61
3.00 7.80
3.00 1.55
3.00 0.81
3.00 3.55
3.00 2.47
3.00 0.03
3.00 0.23
3.00 6.51
3.00 0.67
3.00 3.08
3.00 2.45
3.00 5.89
3.00 1.65
3.00 0.64
3.00 0.08
3.00 0.38
3.00 7.54
3.00 0.39
3.00 0.21
3.00 2.30
3.00 2.57
3.00 0.75
3.00 1.86
3.00 0.43
3.00 7.82
3.00 0.30
3.00 1.83
3.00 5.84
3.00 1.96
3.00 0.58
3.00 7.68
3.00 0.66
3.00 0.95
3.00 2.80
3.00 3.24
3.00 6.14
3.00 1.96
3.00 5.38
3.00 2.47
3.00 0.37
3.00 1.44
3.00 5.59
3.00 2.61
3.00 6.03
3.00 1.28
3.00 0.67
3.00 0.34
3.00 1.88
3.00 3.64
3.00 8.36
3.00 1.79
3.00 0.65
3.00 0.53
3.00 7.69
3.00 1.42
3.00 0.53
3.00 2.55
3.00 1.60
3.00 2.02
3.00 10.59
3.00 7.70
3.00 0.38
3.00 0.78
3.00 0.31
3.00 0.72
3.00 0.69
3.00 6.87
3.00 1.12
3.00 3.05
3.00 2.65
3.00 0.93
3.00 0.07
3.00 7.39
3.00 0.71
3.00 0.60
3.00 3.35
3.00 5.93
3.00 4.42
3.00 6.18
3.00 3.88
3.00 2.36
3.00 1.08
3.00 0.78
3.00 4.16
3.00 3.41
3.00 2.54
3.00 0.63
3.00 1.29
3.00 1.40
3.00 0.09
3.00 1.30
3.00 5.78
3.00 6.28
3.00 1.67
3.00 0.26
3.00 6.81
3.00 2.10
3.00 0.74
3.00 3.76
3.00 3.94
3.00 0.51
3.00 4.05
3.00 3.19
3.00 0.88
3.00 1.01
3.00 0.65
3.00 0.27
3.00 7.04
3.00 1.01
3.00 2.23
3.00 2.19
3.00 0.22
3.00 5.68
3.00 1.34
3.00 4.52
3.00 0.15
3.00 1.39
3.00 0.43
3.00 1.59
3.00 0.66
3.00 1.40
3.00 2.05
3.00 1.84
3.00 0.11
3.00 5.16
3.00 1.60
3.00 0.47
3.00 0.27
3.00 0.20
3.00 2.50
3.00 6.08
3.00 1.73
3.00 1.11
3.00 5.81
3.00 0.97
3.00 0.74
3.00 2.50
3.00 0.38
3.00 5.00
3.00 3.02
3.00 1.00
3.00 6.49
3.00 2.10
3.00 3.07
3.00 5.14
3.00 6.13
3.00 0.58
3.00 7.06
3.00 0.74
3.00 0.86
3.00 1.78
3.00 0.63
3.00 1.31
3.00 5.98
3.00 1.28
3.00 0.53
3.00 0.56
3.00 6.65
3.00 5.44
3.00 5.29
3.00 4.68
3.00 5.37
3.00 2.46
3.00 0.63
3.00 0.53
3.00 5.18
3.00 0.62
3.00 3.53
3.00 3.79
3.00 0.28
3.00 5.70
3.00 4.02
3.00 2.04
3.00 1.68
3.00 0.83
3.00 0.34
3.00 0.42
3.00 7.54
3.00 0.91
3.00 1.01
3.00 1.11
3.00 1.61
3.00 6.08
3.00 0.22
3.00 0.22
3.00 3.62
3.00 2.02
3.00 1.01
3.00 0.56
3.00 5.54
3.00 1.14
3.00 1.43
3.00 1.09
3.00 0.70
3.00 0.81
3.00 1.72
3.00 2.67
3.00 2.27
3.00 0.80
3.00 3.42
3.00 8.46
3.00 0.69
3.00 0.26
3.00 0.28
3.00 5.60
3.00 2.62
3.00 2.58
3.00 0.69
3.00 0.97
3.00 5.31
3.00 2.33
3.00 4.84
3.00 0.48
3.00 0.22
3.00 1.92
3.00 2.78
3.00 0.87
3.00 0.85
3.00 5.72
3.00 1.23
3.00 0.40
3.00 0.22
3.00 5.05
3.00 1.29
3.00 1.16
3.00 5.62
3.00 2.15
3.00 7.52
3.00 6.97
3.00 2.10
3.00 0.70
3.00 2.31
3.00 0.24
3.00 1.08
3.00 1.30
3.00 5.96
3.00 1.26
3.00 5.82
3.00 3.80
3.00 3.98
3.00 4.26
3.00 0.36
3.00 0.80
3.00 1.12
3.00 1.98
3.00 6.55
3.00 2.11
3.00 1.91
3.00 4.95
3.00 3.29
3.00 6.07
3.00 1.93
3.00 2.10
3.00 6.34
3.00 7.71
3.00 1.72
3.00 4.45
3.00 10.19
3.00 3.21
3.00 1.69
3.00 0.90
3.00 0.52
3.00 4.36
3.00 0.83
3.00 2.88
3.00 1.15
3.00 6.46
3.00 6.23
3.00 1.83
3.00 0.52
3.00 3.02
3.00 0.82
3.00 0.24
3.00 0.35
3.00 2.78
3.00 2.41
3.00 4.21
3.00 2.27
3.00 1.07
3.00 8.45
3.00 0.56
3.00 0.54
3.00 0.98
3.00 0.86
3.00 1.28
3.00 7.22
3.00 0.33
3.00 0.14
3.00 1.46
3.00 5.79
3.00 2.68
3.00 2.59
3.00 6.20
3.00 1.22
3.00 1.77
3.00 3.85
3.00 3.06
3.00 5.00
3.00 1.33
3.00 0.90
3.00 7.84
3.00 4.53
3.00 0.71
3.00 3.24
3.00 3.35
3.00 4.56
3.00 3.47
3.00 2.38
3.00 5.94
3.00 0.22
3.00 0.40
3.00 6.42
3.00 2.32
3.00 2.17
3.00 0.90
3.00 2.44
3.00 1.97
3.00 0.54
3.00 5.42
3.00 2.45
3.00 1.04
3.00 1.70
3.00 2.22
3.00 3.34
3.00 3.09
3.00 4.27
3.00 0.83
3.00 0.18
3.00 1.87
3.00 3.99
3.00 1.25
3.00 0.67
3.00 0.44
3.00 3.29
3.00 4.25
3.00 1.88
3.00 0.87
3.00 0.68
3.00 0.32
3.00 5.54
3.00 2.08
3.00 2.19
3.00 1.05
3.00 1.14
3.00 0.86
3.00 1.14
3.00 1.33
3.00 2.54
3.00 5.13
3.00 1.26
3.00 0.20
3.00 2.40
3.00 5.31
3.00 7.26
3.00 7.01
3.00 3.16
3.00 5.58
3.00 0.46
3.00 2.19
3.00 2.01
3.00 3.44
3.00 5.33
3.00 1.71
3.00 1.05
3.00 0.63
3.00 6.20
2.00 5.54
2.00 0.67
2.00 2.65
2.00 3.74
2.00 2.19
2.00 2.08
2.00 5.21
2.00 0.08
2.00 2.45
2.00 3.71
2.00 1.91
2.00 1.14
2.00 0.30
2.00 0.05
2.00 4.97
2.00 3.15
2.00 4.79
2.00 1.28
2.00 1.77
2.00 2.07
2.00 3.73
2.00 0.91
2.00 2.89
2.00 3.29
2.00 1.73
2.00 4.14
2.00 3.04
2.00 0.80
2.00 2.86
2.00 1.68
2.00 1.26
2.00 4.88
2.00 2.43
2.00 3.67
2.00 1.70
2.00 2.35
2.00 4.24
2.00 0.82
2.00 3.57
2.00 1.87
2.00 1.49
2.00 4.77
2.00 1.79
2.00 2.25
2.00 2.12
2.00 1.49
2.00 2.05
2.00 2.79
2.00 0.90
2.00 3.43
2.00 2.68
2.00 4.04
2.00 10.29
2.00 2.35
2.00 2.06
2.00 0.96
2.00 3.10
2.00 4.12
2.00 2.87
2.00 2.47
2.00 4.14
2.00 6.40
2.00 9.90
2.00 3.90
2.00 0.61
2.00 1.95
2.00 1.69
2.00 6.99
2.00 4.90
2.00 0.88
2.00 3.86
2.00 3.97
2.00 3.63
2.00 0.60
2.00 0.07
2.00 5.94
2.00 3.89
2.00 3.25
2.00 6.14
2.00 6.74
2.00 0.54
2.00 1.74
2.00 3.65
2.00 4.83
2.00 2.11
2.00 5.47
2.00 9.03
2.00 2.64
2.00 6.10
2.00 0.16
2.00 1.83
2.00 5.61
2.00 2.05
2.00 2.69
2.00 6.68
2.00 4.43
2.00 4.51
2.00 3.62
2.00 2.64
2.00 0.40
2.00 2.98
2.00 5.13
2.00 3.27
2.00 2.74
2.00 2.33
2.00 2.77
2.00 4.37
2.00 2.05
2.00 2.64
2.00 0.69
2.00 0.72
2.00 6.03
2.00 4.20
2.00 2.73
2.00 4.51
2.00 2.71
2.00 5.78
2.00 9.68
2.00 0.23
2.00 1.61
2.00 3.35
2.00 3.05
2.00 2.37
2.00 2.87
2.00 0.82
2.00 1.26
2.00 2.05
2.00 1.25
2.00 5.10
2.00 2.81
2.00 2.45
2.00 2.20
2.00 3.75
2.00 3.08
2.00 3.34
2.00 1.12
2.00 6.47
2.00 3.81
2.00 0.92
2.00 0.99
2.00 2.23
2.00 1.76
2.00 0.53
2.00 4.25
2.00 0.74
2.00 3.01
2.00 3.47
2.00 2.34
2.00 0.70
2.00 0.38
2.00 7.69
2.00 3.27
2.00 0.28
2.00 1.09
2.00 3.03
2.00 1.24
2.00 2.69
2.00 3.00
2.00 1.79
2.00 4.37
2.00 3.45
2.00 7.20
2.00 3.35
2.00 4.57
2.00 9.06
2.00 5.37
2.00 0.07
2.00 1.60
2.00 3.64
2.00 0.71
2.00 3.64
2.00 4.83
2.00 1.54
2.00 1.67
2.00 5.87
2.00 6.98
2.00 0.17
2.00 0.70
2.00 3.65
2.00 3.54
2.00 1.10
2.00 0.78
2.00 2.58
2.00 0.38
2.00 2.41
2.00 5.74
2.00 3.67
2.00 2.75
2.00 7.79
2.00 1.97
2.00 3.49
2.00 3.86
2.00 6.79
2.00 0.93
2.00 3.59
2.00 2.89
2.00 0.88
2.00 1.11
2.00 1.52
2.00 0.97
2.00 2.52
2.00 2.33
2.00 3.57
2.00 1.76
2.00 4.55
2.00 5.59
2.00 0.84
2.00 4.20
2.00 3.37
2.00 1.30
2.00 0.54
2.00 4.37
2.00 5.58
2.00 2.39
2.00 1.27
2.00 0.45
2.00 1.44
2.00 3.74
2.00 0.16
2.00 2.51
2.00 2.19
2.00 3.46
2.00 2.51
2.00 4.68
2.00 1.41
2.00 0.97
2.00 0.13
2.00 1.89
2.00 3.50
2.00 3.42
2.00 0.33
2.00 2.47
2.00 3.75
2.00 2.88
2.00 6.24
2.00 3.07
2.00 3.98
2.00 3.24
2.00 1.89
2.00 3.87
2.00 3.03
2.00 3.44
2.00 2.84
2.00 4.04
2.00 2.68
2.00 3.74
2.00 1.32
2.00 5.45
2.00 4.70
2.00 4.42
2.00 4.00
2.00 1.22
2.00 2.65
2.00 2.28
2.00 9.01
2.00 2.60
2.00 2.35
2.00 8.57
2.00 7.43
2.00 6.45
2.00 1.71
2.00 5.67
2.00 1.34
2.00 1.94
2.00 2.36
2.00 3.73
2.00 3.04
2.00 5.24
2.00 2.80
2.00 0.36
2.00 0.23
2.00 2.44
2.00 3.68
2.00 4.27
2.00 3.95
2.00 5.22
2.00 5.88
2.00 4.00
2.00 2.18
2.00 3.58
2.00 1.78
2.00 10.71
2.00 1.96
2.00 4.05
2.00 3.07
2.00 3.43
2.00 1.30
2.00 2.56
2.00 1.40
2.00 3.30
2.00 0.90
2.00 3.08
2.00 5.26
2.00 0.24
2.00 6.70
2.00 3.14
2.00 3.88
2.00 2.21
2.00 3.49
2.00 3.58
2.00 3.91
2.00 0.27
2.00 3.71
2.00 6.07
2.00 0.56
2.00 2.52
2.00 2.61
2.00 1.81
2.00 6.17
2.00 2.19
2.00 2.66
2.00 1.04
2.00 1.04
2.00 5.16
2.00 3.60
2.00 4.20
2.00 7.31
2.00 2.34
2.00 0.22
2.00 3.08
2.00 1.08
2.00 2.78
2.00 5.36
2.00 1.85
2.00 1.30
2.00 2.03
2.00 2.08
2.00 0.13
2.00 1.43
2.00 2.93
2.00 0.79
2.00 7.18
2.00 3.37
2.00 1.58
2.00 3.54
2.00 5.00
2.00 4.04
2.00 3.21
2.00 0.18
2.00 3.10
2.00 2.06
2.00 3.93
2.00 2.76
2.00 0.17
2.00 1.89
2.00 1.77
2.00 3.59
2.00 3.98
2.00 3.89
2.00 0.30
2.00 3.83
2.00 5.30
2.00 2.37
2.00 4.31
2.00 4.58
2.00 1.27
2.00 1.89
2.00 4.08
2.00 4.33
2.00 3.88
2.00 5.62
2.00 0.80
2.00 3.47
2.00 2.97
2.00 0.04
2.00 0.21
2.00 1.20
2.00 2.18
2.00 3.23
2.00 1.71
2.00 2.18
2.00 4.68
2.00 6.20
2.00 1.04
2.00 2.72
2.00 2.53
2.00 0.19
2.00 2.63
2.00 3.10
2.00 2.56
2.00 0.50
2.00 2.41
2.00 4.04
2.00 2.68
2.00 0.78
2.00 0.96
2.00 6.66
2.00 3.67
2.00 0.17
2.00 0.91
2.00 1.92
2.00 0.74
2.00 1.53
2.00 2.29
2.00 3.44
2.00 1.17
2.00 0.46
2.00 2.14
2.00 7.26
2.00 3.83
2.00 1.40
2.00 2.11
2.00 3.40
2.00 3.20
2.00 2.82
2.00 3.61
2.00 2.35
2.00 7.83
2.00 3.07
2.00 3.38
2.00 3.25
2.00 0.22
2.00 2.58
2.00 1.53
2.00 4.52
2.00 1.69
2.00 3.99
2.00 2.28
2.00 1.34
2.00 0.89
2.00 3.19
2.00 4.88
2.00 2.92
2.00 4.01
2.00 4.71
2.00 2.86
2.00 3.90
2.00 0.33
2.00 0.57
2.00 6.38
2.00 2.26
2.00 3.62
2.00 2.14
2.00 0.43
2.00 2.34
2.00 2.35
2.00 3.30
2.00 3.04
2.00 3.65
2.00 8.05
2.00 3.09
2.00 2.69
2.00 3.33
2.00 3.52
2.00 6.58
2.00 0.70
2.00 3.04
2.00 5.22
2.00 4.44
2.00 1.91
2.00 3.51
2.00 1.65
2.00 3.81
2.00 1.48
2.00 0.70
2.00 0.59
2.00 3.73
2.00 7.53
2.00 3.11
2.00 0.37
2.00 2.01
2.00 1.32
2.00 1.35
2.00 2.08
2.00 0.57
2.00 3.33
2.00 9.48
2.00 0.17
2.00 1.99
2.00 7.53
2.00 0.13
2.00 3.62
2.00 1.12
2.00 0.61
2.00 3.36
2.00 3.56
2.00 4.97
2.00 2.83
2.00 1.36
2.00 1.65
2.00 4.60
2.00 4.42
2.00 4.45
2.00 0.82
2.00 0.06
2.00 2.62
2.00 1.06
2.00 3.87
2.00 4.31
2.00 3.60
2.00 4.58
2.00 8.14
2.00 5.50
2.00 3.12
2.00 2.04
2.00 1.12
2.00 2.24
2.00 0.12
2.00 3.25
2.00 5.89
2.00 4.37
2.00 3.90
2.00 1.94
2.00 2.26
2.00 2.53
2.00 2.95
2.00 1.83
2.00 7.34
2.00 1.64
2.00 2.95
2.00 4.76
2.00 3.00
2.00 1.25
2.00 3.03
2.00 5.49
2.00 0.14
2.00 3.77
2.00 1.42
2.00 2.98
2.00 3.60
2.00 0.50
2.00 2.59
2.00 3.55
2.00 4.69
2.00 3.96
2.00 2.21
2.00 3.25
2.00 7.67
2.00 1.65
2.00 4.91
2.00 0.95
2.00 6.76
2.00 6.44
2.00 2.48
2.00 8.50
2.00 2.57
2.00 4.23
2.00 1.90
2.00 1.61
2.00 5.02
2.00 1.14
2.00 1.83
2.00 3.89
2.00 4.98
2.00 9.27
2.00 2.80
2.00 2.24
2.00 2.47
2.00 1.35
2.00 5.71
2.00 8.01
2.00 5.29
2.00 3.03
2.00 0.38
2.00 2.99
2.00 1.23
2.00 1.35
2.00 2.08
2.00 2.75
2.00 0.78
2.00 3.11
2.00 2.58
2.00 3.04
2.00 3.74
2.00 1.15
2.00 1.76
2.00 1.31
2.00 4.18
2.00 1.67
2.00 2.76
2.00 3.80
2.00 2.48
2.00 7.17
2.00 3.58
2.00 0.38
2.00 1.37
2.00 1.48
2.00 0.19
2.00 1.03
2.00 5.86
2.00 3.49
2.00 5.35
2.00 2.01
2.00 1.62
2.00 4.20
2.00 4.98
2.00 6.31
2.00 1.48
2.00 1.37
2.00 2.76
2.00 3.54
2.00 0.17
2.00 0.25
2.00 5.62
2.00 1.43
2.00 1.94
2.00 1.18
2.00 4.78
2.00 3.13
2.00 3.73
2.00 1.58
2.00 5.33
2.00 0.59
2.00 2.24
2.00 4.60
2.00 8.07
2.00 2.20
2.00 1.41
2.00 1.70
2.00 3.46
2.00 1.25
2.00 4.95
2.00 5.02
2.00 7.45
2.00 4.51
2.00 6.28
2.00 11.35
2.00 1.32
2.00 2.24
2.00 3.50
2.00 5.09
2.00 4.35
2.00 3.64
2.00 0.82
2.00 4.38
2.00 4.24
2.00 4.60
2.00 1.87
2.00 1.87
2.00 5.25
2.00 9.62
2.00 8.38
2.00 2.82
2.00 2.76
2.00 0.82
2.00 3.98
2.00 2.89
2.00 1.66
2.00 6.30
2.00 2.83
2.00 3.05
2.00 8.70
2.00 2.53
2.00 0.63
2.00 7.05
2.00 3.94
2.00 5.98
2.00 2.52
2.00 0.56
2.00 3.12
2.00 3.56
2.00 2.97
2.00 7.89
2.00 2.88
2.00 3.37
2.00 0.79
2.00 2.00
2.00 3.30
2.00 1.00
2.00 1.83
2.00 0.58
2.00 2.44
2.00 1.89
2.00 1.97
2.00 2.31
2.00 3.51
2.00 1.72
2.00 1.48
2.00 2.76
2.00 2.74
2.00 3.35
2.00 3.49
2.00 3.10
2.00 3.03
2.00 5.68
2.00 4.10
2.00 4.93
2.00 4.70
2.00 3.94
2.00 3.12
2.00 5.00
2.00 1.55
2.00 1.51
2.00 6.04
2.00 0.18
2.00 2.20
2.00 2.26
2.00 0.50
2.00 2.11
2.00 2.23
2.00 2.48
2.00 3.54
2.00 1.62
2.00 3.72
2.00 1.15
2.00 1.10
2.00 7.87
2.00 5.23
2.00 2.01
2.00 2.05
2.00 1.21
2.00 5.11
2.00 5.36
2.00 4.86
2.00 1.65
2.00 3.35
2.00 3.20
2.00 2.33
2.00 3.32
2.00 3.21
2.00 2.37
2.00 5.64
2.00 1.32
2.00 2.44
2.00 1.74
2.00 0.04
2.00 2.17
2.00 3.78
2.00 1.79
2.00 2.24
2.00 1.75
2.00 2.55
2.00 2.04
2.00 0.19
2.00 9.49
2.00 1.46
2.00 2.92
2.00 3.63
2.00 3.89
2.00 8.39
2.00 3.28
2.00 2.76
2.00 2.96
2.00 3.01
2.00 2.82
2.00 3.87
2.00 7.12
2.00 7.12
2.00 3.38
2.00 1.11
2.00 2.66
2.00 2.01
2.00 0.98
2.00 3.04
2.00 2.10
2.00 0.48
2.00 2.16
2.00 1.64
2.00 1.81
2.00 1.38
2.00 3.93
2.00 0.42
2.00 2.43
2.00 4.13
2.00 1.97
2.00 2.82
2.00 5.67
2.00 2.01
2.00 0.58
2.00 8.43
2.00 2.69
2.00 2.07
2.00 3.00
2.00 5.40
2.00 1.13
2.00 6.32
2.00 7.51
2.00 3.76
2.00 4.13
2.00 2.95
2.00 1.55
2.00 0.77
2.00 3.87
2.00 3.86
2.00 3.54
2.00 4.01
2.00 1.13
2.00 1.48
2.00 2.23
2.00 3.27
2.00 4.88
2.00 0.22
2.00 3.71
2.00 0.51
2.00 1.03
2.00 5.27
2.00 4.20
2.00 3.34
2.00 3.24
2.00 4.24
2.00 0.25
2.00 3.50
2.00 0.28
2.00 3.71
2.00 4.12
2.00 1.66
2.00 3.13
2.00 2.50
2.00 3.74
2.00 2.69
2.00 4.48
2.00 7.58
2.00 1.56
2.00 2.03
2.00 2.32
2.00 1.83
2.00 1.28
2.00 2.89
2.00 4.52
2.00 2.13
2.00 4.58
2.00 0.71
2.00 10.31
2.00 2.65
2.00 2.19
2.00 0.70
2.00 2.62
2.00 5.68
2.00 3.07
2.00 3.77
2.00 4.69
2.00 0.12
2.00 1.81
2.00 4.25
2.00 9.38
2.00 4.95
2.00 0.19
2.00 2.87
2.00 3.22
2.00 1.37
2.00 2.46
2.00 2.52
2.00 3.98
2.00 3.78
2.00 1.01
2.00 1.01
2.00 1.46
2.00 2.84
2.00 1.69
2.00 2.60
2.00 3.69
2.00 6.59
2.00 0.36
2.00 0.13
2.00 4.03
2.00 0.68
2.00 3.40
2.00 8.30
2.00 0.65
2.00 0.93
2.00 2.21
2.00 1.29
2.00 0.87
2.00 3.96
2.00 2.54
2.00 3.29
2.00 1.76
2.00 2.76
2.00 4.78
2.00 1.94
2.00 4.19
2.00 2.14
2.00 8.20
2.00 2.44
2.00 1.80
2.00 1.27
2.00 0.15
2.00 1.21
2.00 3.57
2.00 0.34
2.00 1.00
2.00 2.42
2.00 2.59
2.00 2.17
2.00 3.24
2.00 1.71
2.00 1.01
2.00 2.95
2.00 3.64
2.00 1.83
2.00 0.20
2.00 3.90
2.00 0.89
2.00 0.72
2.00 2.48
2.00 2.89
2.00 4.04
2.00 1.13
2.00 4.05
2.00 3.57
2.00 1.72
2.00 0.77
2.00 9.86
2.00 2.26
2.00 1.37
2.00 0.20
2.00 3.95
2.00 5.62
2.00 0.95
2.00 1.07
2.00 4.31
2.00 5.00
2.00 3.46
2.00 2.69
2.00 2.03
2.00 1.50
2.00 1.40
2.00 2.65
2.00 1.72
2.00 3.28
2.00 4.05
2.00 3.83
2.00 3.63
2.00 1.25
2.00 4.04
2.00 4.41
2.00 0.95
2.00 1.29
2.00 0.14
2.00 2.22
2.00 3.76
2.00 1.68
2.00 4.06
2.00 2.45
2.00 0.55
2.00 0.40
2.00 6.28
2.00 0.80
2.00 0.23
2.00 2.19
2.00 1.01
2.00 2.68
2.00 0.66
2.00 2.39
2.00 8.24
2.00 0.06
2.00 4.05
2.00 3.94
2.00 6.59
2.00 4.71
2.00 3.28
2.00 3.50
2.00 2.80
2.00 3.13
2.00 5.23
2.00 0.37
2.00 5.61
2.00 2.17
2.00 4.04
2.00 3.05
2.00 2.97
2.00 2.47
2.00 4.55
2.00 2.37
2.00 1.32
2.00 2.96
2.00 2.47
2.00 0.73
2.00 2.44
2.00 3.75
2.00 2.26
2.00 1.76
2.00 1.73
2.00 0.63
2.00 1.92
2.00 0.57
2.00 3.02
2.00 3.11
2.00 6.24
2.00 3.38
2.00 4.28
2.00 7.41
2.00 0.34
2.00 9.30
2.00 2.76
2.00 4.40
2.00 1.93
2.00 2.17
2.00 1.94
2.00 1.37
2.00 1.85
2.00 7.13
2.00 4.16
2.00 0.89
2.00 6.20
2.00 3.03
2.00 0.49
2.00 2.55
2.00 3.23
2.00 3.11
2.00 1.72
2.00 2.58
2.00 1.30
2.00 3.87
2.00 3.94
2.00 0.85
2.00 2.43
2.00 4.50
2.00 1.60
2.00 1.28
2.00 4.65
2.00 3.98
2.00 0.26
2.00 0.95
2.00 1.12
2.00 2.56
2.00 2.07
2.00 1.65
2.00 1.36
2.00 1.07
2.00 2.61
2.00 3.99
2.00 1.43
2.00 2.22
2.00 4.05
2.00 1.54
2.00 0.85
2.00 4.93
2.00 2.21
2.00 4.21
2.00 3.95
2.00 2.40
2.00 1.03
2.00 3.65
2.00 3.99
2.00 2.34
2.00 4.28
2.00 0.81
2.00 2.73
2.00 2.17
2.00 5.35
2.00 2.25
2.00 2.77
2.00 3.30
2.00 2.41
2.00 4.22
2.00 1.94
2.00 3.90
2.00 0.42
2.00 6.33
2.00 2.27
2.00 1.19
2.00 0.63
2.00 5.57
2.00 0.13
2.00 2.62
2.00 1.45
2.00 3.88
2.00 2.28
2.00 6.49
2.00 0.70
2.00 1.64
2.00 2.19
2.00 1.14
2.00 2.55
2.00 0.58
2.00 5.75
2.00 3.01
2.00 3.55
2.00 2.01
2.00 2.50
2.00 7.75
2.00 2.89
2.00 5.87
2.00 2.46
2.00 2.18
2.00 3.57
2.00 4.01
2.00 1.13
2.00 3.16
2.00 3.89
2.00 1.95
2.00 1.10
2.00 4.36
2.00 1.18
2.00 0.07
2.00 0.78
2.00 2.17
2.00 1.54
2.00 3.45
2.00 2.81
2.00 3.00
2.00 0.71
2.00 0.58
2.00 2.74
2.00 3.54
2.00 3.48
2.00 3.55
2.00 1.57
2.00 2.38
2.00 3.60
2.00 4.10
2.00 3.37
2.00 2.59
2.00 5.85
2.00 4.05
2.00 0.81
2.00 2.24
2.00 0.73
2.00 3.06
2.00 1.12
2.00 0.78
2.00 8.04
2.00 3.89
2.00 3.74
2.00 0.45
2.00 6.33
2.00 0.14
2.00 6.55
2.00 0.76
2.00 2.60
2.00 1.71
2.00 5.26
2.00 4.11
2.00 0.06
2.00 6.09
2.00 3.78
2.00 6.12
2.00 4.32
2.00 2.71
2.00 4.03
2.00 2.68
2.00 1.86
2.00 2.26
2.00 1.86
2.00 0.85
2.00 1.94
2.00 4.21
2.00 0.39
2.00 4.12
2.00 4.58
2.00 2.97
2.00 0.87
2.00 1.27
2.00 1.72
2.00 0.97
2.00 0.22
2.00 6.50
2.00 3.77
2.00 0.98
2.00 3.36
2.00 0.18
2.00 2.31
2.00 3.41
2.00 2.83
2.00 2.18
2.00 3.47
2.00 1.07
2.00 2.72
2.00 2.44
2.00 1.60
2.00 1.54
2.00 2.32
2.00 1.24
2.00 0.16
2.00 2.44
2.00 1.30
2.00 3.55
2.00 0.40
2.00 2.36
2.00 1.81
2.00 1.33
2.00 1.79
2.00 5.26
2.00 4.00
2.00 0.82
2.00 3.23
2.00 6.49
2.00 2.12
2.00 2.31
2.00 4.18
2.00 0.46
2.00 2.27
2.00 3.02
2.00 1.32
2.00 1.56
2.00 1.42
2.00 7.18
2.00 2.83
2.00 4.13
2.00 0.21
2.00 2.31
2.00 7.46
2.00 0.51
2.00 0.95
2.00 3.09
2.00 1.60
2.00 1.29
2.00 2.47
2.00 2.22
2.00 2.82
2.00 4.67
2.00 3.51
2.00 2.97
2.00 3.06
2.00 4.70
2.00 3.67
2.00 4.41
2.00 3.73
2.00 3.85
2.00 4.12
2.00 4.65
2.00 4.35
2.00 1.33
2.00 1.55
2.00 2.62
2.00 2.27
2.00 4.37
2.00 4.93
2.00 5.26
2.00 1.27
2.00 3.14
2.00 2.52
2.00 1.22
2.00 4.91
2.00 4.23
2.00 1.98
2.00 3.32
2.00 0.10
2.00 3.83
2.00 2.54
2.00 6.25
2.00 1.23
2.00 2.43
2.00 2.30
2.00 3.15
2.00 2.78
2.00 1.38
2.00 6.32
2.00 4.51
2.00 2.17
2.00 3.96
2.00 3.65
2.00 3.58
2.00 1.57
2.00 0.77
2.00 2.62
2.00 3.37
2.00 3.54
2.00 4.95
2.00 1.77
2.00 2.46
2.00 0.15
2.00 3.18
2.00 4.91
2.00 1.83
2.00 1.54
2.00 1.37
2.00 0.50
2.00 3.94
2.00 5.64
2.00 0.90
2.00 2.28
2.00 1.99
2.00 7.56
2.00 8.55
