1.42
1.96
1.08
0.55
1.10
1.10
1.86
0.35
1.98
1.57
0.57
1.54
1.07
0.81
2.88
1.68
0.24
1.15
1.96
1.72
0.76
2.87
4.23
1.19
6.15
1.62
0.47
5.39
1.23
3.16
6.23
2.00
0.82
1.33
4.61
0.70
1.36
0.57
0.49
0.96
1.75
4.02
0.58
2.33
1.01
0.87
1.54
0.88
1.47
1.93
0.70
0.49
1.56
3.55
1.29
5.42
0.65
1.30
0.73
1.31
2.41
1.01
1.44
3.60
1.16
2.29
1.36
4.93
1.82
2.40
1.29
1.42
1.62
1.87
1.20
1.67
1.54
2.91
1.61
1.75
2.77
0.50
0.42
2.01
1.07
1.03
1.11
5.67
1.92
4.46
1.18
1.42
1.18
0.44
1.10
1.12
1.13
1.00
6.10
1.52
3.92
1.21
2.67
0.96
1.02
0.84
0.78
0.33
1.72
2.62
1.99
1.16
1.70
1.20
0.93
1.54
0.89
0.52
1.40
1.98
5.98
1.12
0.68
1.39
1.76
1.00
1.10
1.21
0.90
1.37
0.77
2.83
2.17
6.05
2.44
4.28
0.56
3.96
0.36
0.54
1.62
2.73
6.97
3.22
1.57
5.94
2.59
2.12
1.33
2.01
2.13
0.36
1.18
0.91
1.26
0.89
1.40
2.66
2.08
0.86
1.19
1.28
0.43
0.68
0.92
1.28
0.34
1.40
0.56
1.15
1.60
1.17
0.68
1.23
0.99
1.20
4.10
0.32
1.44
1.86
0.69
1.45
0.58
2.47
1.13
0.76
1.10
1.25
4.48
1.11
2.97
0.90
0.72
1.34
1.48
0.89
3.29
1.31
5.13
0.83
1.22
1.15
0.17
1.46
1.09
1.80
0.99
1.29
1.29
1.10
0.89
2.89
1.21
0.89
1.27
1.28
2.21
2.08
0.89
1.31
1.24
1.53
0.37
1.50
1.12
1.12
2.33
0.83
1.98
5.55
1.26
1.24
0.78
1.76
1.07
1.19
1.16
1.25
2.21
0.77
1.17
0.92
1.01
1.55
1.28
0.74
0.62
1.81
1.09
1.19
1.42
5.83
1.41
4.94
0.96
1.31
1.83
0.99
1.41
0.71
4.71
3.26
0.91
2.43
1.11
0.53
1.50
1.14
2.78
1.93
0.94
1.67
1.00
1.28
0.97
0.79
0.61
1.37
4.56
1.21
1.23
0.95
1.23
1.34
0.62
1.34
3.56
1.43
0.99
1.23
1.01
2.10
1.21
1.22
3.73
0.96
2.87
0.82
1.71
1.61
0.57
1.70
3.17
0.64
1.13
1.00
0.99
2.84
1.17
6.57
4.14
0.49
0.59
1.39
0.98
1.46
1.56
1.35
0.71
2.13
1.33
1.46
1.23
1.38
0.67
0.74
1.44
0.60
1.16
6.27
1.05
5.97
2.93
1.08
2.29
0.79
1.17
2.73
0.77
1.39
0.34
1.85
1.75
1.13
0.91
0.59
1.43
0.74
1.49
0.38
1.03
1.05
6.40
1.81
1.37
0.65
0.66
1.35
0.74
0.49
0.68
2.61
5.59
0.74
2.75
1.20
6.01
2.25
1.26
1.33
0.70
1.54
2.10
0.86
4.55
0.66
1.73
1.03
1.52
0.99
1.10
0.97
1.61
0.70
1.72
0.94
1.96
0.21
0.18
1.66
2.43
0.14
1.43
0.74
0.68
1.85
0.80
1.57
0.78
1.38
1.50
0.86
3.64
0.88
0.66
1.53
0.58
1.50
1.00
1.23
1.79
0.52
0.64
0.62
0.72
1.25
5.98
2.11
5.23
1.66
3.97
2.30
5.11
1.21
1.11
1.77
1.75
1.18
2.43
0.70
2.30
1.03
0.85
0.66
0.86
1.46
0.62
1.57
0.92
0.96
1.48
1.95
2.03
2.46
1.97
3.32
0.44
0.67
4.14
0.80
3.54
0.57
1.58
2.53
0.96
3.45
0.64
2.09
1.50
1.17
3.24
3.44
1.33
1.26
1.37
1.22
2.08
1.16
2.86
1.25
0.89
1.57
4.76
1.68
0.62
1.73
1.33
1.21
2.50
0.71
0.64
4.51
2.59
1.97
1.49
1.25
0.63
1.42
1.23
1.22
1.88
1.12
1.68
1.42
0.79
1.27
1.22
2.50
1.34
0.75
5.67
0.98
3.12
1.72
1.09
1.57
2.34
1.21
2.76
2.59
0.86
4.19
1.34
0.65
1.69
0.74
1.79
0.88
1.56
6.12
1.31
1.04
1.01
1.52
0.61
1.14
2.08
1.30
1.03
2.11
1.44
5.53
2.27
3.61
1.12
3.30
0.42
0.27
1.52
0.54
1.15
0.98
1.32
1.12
3.36
1.95
0.26
2.17
1.63
1.08
0.78
1.19
1.80
0.73
0.46
1.38
0.69
0.88
1.31
1.02
1.40
0.35
0.75
1.63
1.57
1.73
0.95
1.48
1.01
0.93
1.85
0.82
0.62
1.72
1.96
0.73
1.01
1.72
1.32
0.29
0.51
1.48
0.93
6.75
0.82
5.99
2.04
3.94
0.84
0.85
1.22
6.10
2.97
0.80
0.76
1.45
5.99
5.39
1.37
1.15
1.09
1.07
1.57
1.89
0.49
2.90
2.61
1.20
5.68
0.81
1.56
1.03
3.45
1.13
1.44
0.99
0.87
1.56
2.77
1.25
3.34
0.86
1.31
0.49
1.21
1.06
2.92
1.77
1.94
3.38
0.82
0.77
1.37
0.94
0.61
1.58
2.40
1.09
1.42
2.34
4.56
1.40
2.21
0.93
0.51
0.65
1.48
4.75
2.09
1.21
1.07
0.79
3.61
3.94
0.71
1.44
0.92
1.56
1.41
1.25
1.56
3.98
0.73
1.04
1.09
1.07
0.64
1.48
2.38
1.70
5.19
2.03
2.10
0.69
1.18
5.28
2.00
0.76
1.62
0.71
2.83
2.35
1.17
1.19
1.30
1.66
0.86
0.31
1.46
2.64
0.98
0.63
1.45
0.87
0.82
1.21
0.49
1.25
0.78
1.59
0.82
0.91
1.07
1.41
0.95
0.85
1.84
5.00
0.91
1.47
0.58
1.61
1.05
2.37
5.54
1.20
0.84
1.18
3.88
0.93
1.01
1.18
1.31
0.81
2.17
0.85
