2.1440448241361225
3.4195928540395593
4.820424707955108
1.8635064614926389
1.8880155375227075
4.411273026198488
0.8694692686912203
2.87533441719695
1.116892847632291
2.0388773805649465
2.6618066344292437
2.1097149924445864
1.980264920421806
1.154725251809177
4.515475504453746
0.07236965441444748
0.897622006171949
1.8034026446381497
3.0707460930106323
5.5969620918687495
0.34049543509376967
2.1821852823014187
1.1938431033600274
2.6215113772617498
4.060348253669846
1.4447643439396316
0.9917010969416047
6.210000410138655
4.782809871773057
2.3758138501734267
1.739455827417768
1.481544461918351
1.375720370386453
0.4674723767967584
3.428330729664783
1.7356264516967161
1.493146454214279
1.2360480980386483
1.9444711490857143
1.9714918510418455
1.3657070491040426
1.484282688068341
1.1839239972495301
0.765420600682944
1.472838275188893
1.7945771004455628
1.9604865518253283
2.033372725644544
0.3054827970593492
1.6984781243387188
0.37783164919943446
1.2297422847852648
0.8628707444871765
0.40400625027297044
2.5346895200314785
4.0484512146709335
1.898386135931187
0.4622046332677301
0.9913737818999997
1.5838530680596012
3.8444352166191202
0.08984963614861449
4.37229936395508
3.335871698608245
2.597582265011238
3.084819595107365
2.0184858470874496
1.0151495380312157
0.04187495097448278
3.754448622125581
4.079394904406093
0.5157320849075372
1.756829984028593
1.5343445392292057
0.15205645970002452
0.5938190809133915
1.3284463883332915
1.0636858679649728
0.8473826764620563
5.3286514120587505
4.100797911117932
1.5691644250840917
1.9607765607998549
5.873575131803636
1.966737629071682
0.6893153107631022
2.5874905518497058
6.361583125698309
0.07303448815610802
3.8641552909485744
0.6661218705519344
2.3193332070280768
0.586745982900491
1.8005656807530066
1.2175754091461835
2.425229968812893
1.6719774344103175
0.7805531083838426
4.54727489650426
4.785214503852177
4.464951188816769
1.4096717302853914
3.8558836891654327
3.8777704745315007
2.0464363466524476
3.1425583385438
1.223894615862511
2.213198076663481
3.2772783064785944
4.708459447806472
4.220619224530052
3.4339689558977566
3.5169898919416984
1.022591597293903
1.9848645851718072
1.9984861829706317
1.9820712216676781
1.6945410952712925
1.8977033364857376
0.82835574537992
0.20894646104892042
1.9793515212895583
2.000176617075149
2.4739402766077707
2.9382690758916317
2.1646746398256576
0.5772358200890523
2.2480641571589035
0.4909106702322616
2.006879317391666
2.352118674811048
2.5577132522157013
2.2386837061903426
5.198900105197515
0.4039113047362942
5.037327766854141
5.03449089296792
3.079818013598834
1.5799871934092846
1.761911521156887
2.8701640990526647
3.2223508643689693
1.3076988567613088
0.15025701665159283
2.4959784149149136
3.9049927002415767
2.379473685465472
3.236954419650958
1.6237178139762964
3.195745308365034
2.4642410801288412
1.0111563259888117
3.2105556866992457
0.8467978506409717
1.3648944085932497
0.3594174257604022
1.0231899264934408
2.8561615035479533
1.600559354528046
0.08478876834324568
2.0667641498574993
5.779513244026915
0.3681749740506217
0.6998449928583961
1.4075264909796994
2.1134032269191816
0.660327082963055
1.960199643795264
1.476871107213525
3.5489108956669932
1.801003924117984
2.1191159869917917
1.6849481945656322
1.388115743794249
1.6655589085358111
3.6284656835220734
3.6818483982180994
3.2286957531955163
0.21351003621452208
1.6285234917692828
3.3660911069155035
0.43606798615423437
2.4401897033403555
2.4416153096380526
2.0883996724833223
1.8524253729064366
1.3008026157897807
0.45015276582737757
5.139021016340573
0.8328824288739506
1.7251885154692215
0.380694275009905
1.8014998925762555
0.03220833694265917
0.11963885145341617
2.0331294707109984
3.089928263773203
1.732198138107904
3.614797385175623
4.202122725038342
2.4864216625385547
0.04905751053744964
3.0415548259101097
1.4509501273142844
2.611781502489611
0.6178252817138499
2.909807854968467
1.2450368734149002
1.384881017024131
2.0240615972343097
1.3834797197124435
1.4339048587557712
1.2322775466844635
2.205846202243557
2.1821230938875225
1.6496109052783507
0.6326451721697818
2.235345164598118
1.1403165187331454
0.44917721992223664
2.8006793433881843
0.03239631242206453
1.2276818765560027
0.9480847713288165
0.45745126341367737
2.8337733025972685
1.4676184545537732
2.4199183347505278
0.4895012132469267
1.434970522217414
1.9052530844641924
2.599786196586978
1.7628213674062692
0.9164145184349812
1.7590008323893696
1.3902601720292211
0.3846004192022673
1.1646616691728788
0.7449395988538507
2.027005581172665
1.2692535278001082
1.4003401881058395
2.2113759746836874
3.9741318698062553
0.28535263935280725
1.273887732287454
1.1256809795487015
3.0804588790771574
2.5514560572770466
1.602686828655298
1.8404541996273323
1.7026305721006056
1.7760449978589372
5.3704886386056545
3.58587719635014
2.073215103363015
1.435089081463565
1.6662374388238501
0.8847639927989582
1.6834648261126044
4.3112208625437916
2.9504359256905364
0.49513411946257785
4.12862450749195
2.0238216776300475
3.486170426551126
1.8632046021260296
1.4871599453037447
3.76547528170777
2.5897259624857734
0.3920117541799718
1.8834282722546163
1.1892054507433711
3.3255516066683057
1.0685804618818067
2.3965052159027227
1.9692071125145252
3.7472309339862164
5.686935065935667
4.587236938129677
2.0044961877143512
0.9513218323966681
0.41323115194281457
0.6636623337496416
2.1984451404487055
3.7426331291312045
1.5731874676006874
0.9427636472896493
1.7883822918012435
2.577382529226619
3.3898745458477917
1.9951133742400258
0.9533896147565545
0.4266850617708613
3.563617868417786
0.06012704031359649
2.4709780571251487
0.36963882123023645
1.2290350068321805
2.454372152692155
1.706216949165101
2.3064193790592857
1.9355197760878378
2.4813149581715996
2.5616088200974265
0.10600636315138749
1.2081911873010533
3.976048301413469
0.4822649512149961
4.766052073987326
4.192559077865353
2.404216187695254
1.65937789440804
0.03538162851754084
0.9908224509955664
0.5438578838037131
1.3619921192593223
1.2005181441691064
0.9848546110052057
2.834760719701064
0.4080955479855789
0.5560361457235126
2.0491945125903905
1.5167310207907656
2.303581704942103
3.8200328583747116
0.36230319836024244
4.1363136185444835
1.9187335973205344
5.60445101234982
5.068491022334364
3.7643070428768945
3.89082371801716
0.39132055991265624
3.5209493257369293
1.472062619100751
1.1644383955268924
2.6322082756815792
1.5951933826978903
1.5960783562435272
2.540014569158149
1.1906491005831696
1.6957040654184883
1.7077485481047625
1.9450255260596845
1.4229217613825018
1.0805541582657152
0.9660054483034455
1.3215901841310793
0.9626475129802182
1.5223719347151943
3.7396645882386887
3.1004464871347532
2.151662132991204
0.9637592141205693
0.6515668392614408
3.0408347417113064
1.3289971765116266
2.1620988572471336
1.608063829075046
2.5989595920036908
1.5459147694706443
5.816617321097918
4.01495553730602
1.5102123494546744
0.042054784336574884
5.380653723735437
5.998275910693266
1.3416491991612838
0.9918809352336565
2.074808234299524
0.3362738273681256
3.759351094503421
0.7867884324456349
2.4378214961970754
1.6459524833358397
2.4385539403822856
1.9949063456208425
2.1378952950954457
1.7936990239083759
0.49264695893917954
2.1100439550336088
1.3646715157480385
1.8076777542442777
0.9175197632735836
2.28241775112304
0.6476791889684158
0.511538554287747
1.446330098210865
0.7213576637557705
3.861489256822879
1.1691640270043004
1.5643482757304241
1.8050763339707678
0.8889274597428698
1.059744980163379
1.9316904026661432
0.4028171878719984
1.4268013405316486
0.4875477570072251
3.3727608658127486
2.0806675488563937
3.1094481531742177
0.4338551966619199
1.5365042464330183
0.6549356503368142
2.3781740631047814
1.2393470482116338
1.6447911654580956
1.766192166601611
1.2125385344883033
0.9491536738039322
2.155926434204147
2.1733398467967433
1.8093387206129212
0.12499954704118724
5.046565807221064
0.8163961290160652
5.139209005194751
1.98917621801543
4.684285825457926
3.5751146920605716
1.2890044768688127
1.3135598311454797
1.7343228701431121
2.1473753475555037
1.6708785671190651
1.180437738108867
2.1108849859515013
1.923311756310646
3.8863177263431794
3.109900119208636
2.0114495751810817
1.1692382431265405
4.355244685171605
2.9517054534271647
2.4671505636496502
0.35436440863855606
1.9607748371486926
4.115023717822948
2.2606240352453324
2.1899476643971734
0.6474167232407942
2.0676404879374055
4.28514548350563
1.4027177619738194
1.9386967439262937
2.4840879069708772
3.6794032959444123
1.8810732594957822
3.5493679767731283
1.5483715357488894
1.2488395583671412
4.127026530615022
0.644465744829691
2.872511173784105
0.5601371529777128
4.33539312836265
1.9166705090617382
1.7620726250635625
0.9650040415686304
0.5130615992749378
1.927875967244208
2.2796685784383133
1.7739752712810477
4.767302238164173
3.5768035631371884
5.404020417726826
2.432381811755724
3.387814548922854
4.334716061886138
2.573189511113236
3.9934977449804987
5.870511393982666
2.050605721589655
1.790874336937335
1.525502184358651
0.7961141253562218
5.130510146997494
5.735971451853632
0.9754012124106199
4.234621830889533
2.143365359295356
4.733057192198372
4.792019962214898
1.1758507386067178
1.0337775812872323
1.0130357995888182
2.1376915844759745
3.1479992179060536
4.6571935969245315
2.3504871978620576
1.0482747861907595
2.705035701655459
0.10196088732187289
2.4904094795847604
0.8459939168203646
1.5029646058965849
1.88761926442212
1.6667741676854457
6.209732418691377
0.43156137856102544
1.7236863263794888
2.292010391061424
1.9070261417490078
1.5732413411892914
1.9243787364929374
0.5803059339061297
0.5558260878481001
1.7660627608245116
1.6772012025664884
3.7975333040319175
0.3848386098402608
1.4270437058773022
0.6932209023275859
1.9137439899146849
0.5594735671463954
1.8838721470885338
0.6115724184892256
1.074471658008719
0.2591264757654238
2.0301005375268453
0.5594064849471497
1.7219760276327396
1.8935066350763292
1.7976364925390487
1.7542485157131074
0.9270521768651799
1.8087833479989932
0.3403113857862104
2.8863420781670004
5.752428979416677
3.0299800394127314
2.634213309010667
2.6210317557075338
1.507947125737693
2.3601124750908333
0.5945039312253213
1.8134517941437391
2.8309688619142017
1.5844438933210545
2.1241978257765446
1.4979965929160937
3.1849067092641437
3.8877076254934377
4.609728705615198
1.9855439890707562
3.1139002776867
4.353505503906806
4.793178799650544
1.2001933718029794
1.9249428095573478
0.5328493018341924
2.0768983905655496
1.4789989636669196
1.1556187440563153
3.534507463613275
0.08510680768788034
1.1553529063656918
2.4866381449728285
0.8286439847051186
1.6348543633661134
1.9218450174403998
3.8602381440279663
2.1836956561267655
4.53056537350142
1.2856151171388241
1.8694697931112514
2.3998734887849387
2.7646508825175133
3.2487894360675487
0.9004058701027788
1.1271518618083252
3.4154079347642248
4.1682402404110475
1.7236739966536792
3.355706754458274
1.7169143583561401
0.5351012422902651
0.663264423787064
1.5997393795242467
2.9261348413428716
1.7747679331007817
1.4647660986466078
2.322555930845859
5.181592386622784
0.3527306599794176
3.698844174406773
1.0603022045186854
2.141834443665257
2.135150809728097
5.097423088891191
1.4859162359553544
1.4313692858552427
1.043164673918578
0.2556482828818293
2.292444373133432
0.4055443582223113
1.877626811834362
1.9765037319036802
3.0439038809083914
3.2455179817334505
0.3603059137563907
1.9586841111758058
2.0432622741872613
2.057997134208924
2.394164996470619
2.4628595830036266
0.06513466439735252
1.9731514059478388
1.9531209231411801
0.5265770293602857
2.899365604405546
1.3469064798783976
1.5428300506497605
1.3121164325394374
1.1255693300949126
1.9823793253848607
1.6677363089893416
1.6499083412401632
3.5551613298922393
0.962063171896899
0.9088868644329227
1.6252350280315682
1.8594861672121037
0.18336794537570558
0.26900477876490575
1.8689153667291358
1.7913461252934024
3.7261956429656435
3.031307296973891
1.3366303587469863
0.5399950502127394
1.1511295767689742
1.007083538168651
1.0006002416170618
2.742079104696648
1.3392737485326913
1.3311755910143535
3.37057343517816
3.735674935246255
0.20533985322399173
1.3064432401299682
1.265367539218735
2.119779993816466
1.3831635323524116
0.570021530773862
3.5956761759386136
3.4427024827111468
0.2722613119291782
1.9233739602438864
0.3722871285740256
3.3763376892762818
4.567258804702216
0.09766591896745574
1.311988931375865
1.19184200404524
1.8360047978594565
0.46583391162564725
2.9814916290172375
5.054507228372721
3.47436978573519
3.6072876474004447
1.635754308870999
0.08187262862125731
2.3436980075045706
3.3123756636896244
2.1267504669178847
5.292241502547471
2.1527464663682685
4.68770883635801
0.6178507251967555
3.0270305988532074
1.5963307505348938
2.1736004755124614
3.6282293620697086
1.8950161522863425
2.1643131373954914
1.160175217747199
2.5263718768127195
3.064735104275067
2.9643071960823124
2.7764374918946717
1.606700882406404
1.440950602535657
1.5866526521347473
0.708548265965914
1.7099172114821863
1.7445887664822228
2.865520906040964
0.8533951112821148
1.9901319863373332
0.33923076736332336
3.7912933062696332
1.012559550454085
1.2463514126729267
1.3831793920584377
2.3610620702105805
1.837448056947014
1.590649538969844
3.079352079723882
1.837303615640599
4.495013168364699
2.4519013763720503
0.31874704951413796
1.161539022198895
2.0559338244313667
2.821642666554663
1.966395324738424
0.48353257469306393
0.7736294843541209
0.8369173742829689
2.8386381042633384
4.173911770376402
5.1983813878675145
0.40002732639056116
1.6876008635561648
2.409656288572546
3.595536786153266
2.374624662258961
0.8396161336620291
1.1077181050168197
1.1124829089609587
0.4740527276606205
2.9960162929002734
3.3332334891220965
