1.06
0.37
0.97
0.92
3.31
0.66
0.27
1.82
2.97
0.35
3.24
2.79
3.56
1.08
2.68
0.79
0.40
3.64
0.77
0.41
2.81
3.20
0.97
0.95
1.82
3.00
0.38
2.40
4.63
0.30
1.11
0.82
3.10
0.32
1.91
3.91
1.54
0.15
1.85
2.07
1.35
2.98
0.35
1.60
0.11
0.98
0.23
1.76
1.86
2.90
2.19
3.43
2.92
1.77
0.23
0.99
0.87
2.50
4.57
1.60
2.88
0.07
1.00
0.96
0.31
3.13
0.76
0.54
1.95
0.53
3.78
3.38
0.62
0.58
0.65
1.27
0.36
0.61
3.87
4.16
0.07
1.82
2.30
0.37
0.61
0.59
0.30
3.36
0.60
0.50
1.75
4.75
0.87
0.12
0.35
0.68
1.12
1.84
0.47
1.62
0.37
1.21
3.30
0.98
1.26
1.92
0.92
0.63
0.42
1.14
1.58
0.14
0.29
0.38
0.76
1.20
1.24
1.68
0.69
0.36
1.09
0.37
1.32
1.11
0.96
1.16
3.67
0.72
1.42
1.87
1.21
0.30
2.27
0.24
0.81
3.37
0.71
0.18
0.67
0.30
0.40
2.32
0.60
0.17
1.09
3.90
0.93
1.01
0.96
0.20
0.86
2.24
3.09
2.63
1.03
0.46
0.55
3.19
0.42
1.74
1.16
0.21
1.09
0.20
0.60
0.15
1.19
0.81
3.40
1.90
2.67
3.85
1.67
1.76
1.38
1.36
1.98
3.51
1.55
2.87
3.56
0.69
0.58
0.51
3.83
0.69
5.10
3.59
1.28
0.59
1.00
0.41
1.13
0.94
0.42
0.81
0.63
1.11
1.36
1.09
1.33
0.79
1.87
0.33
0.88
2.73
1.86
3.90
0.81
2.53
4.83
2.77
3.08
0.59
0.12
1.04
2.24
2.45
0.71
0.64
2.16
3.45
0.87
0.82
1.09
1.21
2.49
1.95
3.85
3.91
3.11
2.35
1.30
0.74
3.45
2.95
4.19
2.24
1.16
2.65
0.87
2.20
0.49
4.28
1.64
1.94
3.03
1.10
0.93
2.49
1.48
0.27
2.32
1.36
1.14
0.52
1.74
3.49
2.04
1.81
0.37
4.45
2.80
3.70
2.55
2.33
0.29
0.27
0.22
0.56
0.68
1.71
0.03
0.69
2.88
0.52
2.06
3.23
4.20
5.22
3.06
1.26
0.66
1.37
0.54
3.07
5.11
1.93
3.81
1.01
3.53
2.72
0.47
0.22
0.60
3.98
4.12
0.66
3.66
1.40
2.43
1.46
0.39
1.59
0.39
0.63
0.58
0.89
0.57
0.47
2.54
2.48
0.46
0.71
1.46
2.65
1.10
1.01
0.47
0.43
0.98
0.74
0.31
1.17
2.37
1.17
0.32
0.78
1.85
0.33
3.22
0.19
0.74
0.57
3.33
1.73
2.44
2.21
0.61
0.68
1.68
0.66
1.31
0.13
0.23
1.29
0.10
0.53
2.87
1.91
0.45
0.28
1.07
3.30
1.34
4.18
0.79
3.47
1.46
2.73
2.04
3.43
2.27
0.61
1.27
2.52
0.30
2.22
0.78
0.65
0.61
1.11
0.73
0.71
0.92
4.95
0.39
3.24
2.22
0.91
0.38
1.19
3.44
1.88
3.69
0.44
4.68
0.44
2.00
1.60
0.73
0.68
3.36
2.34
1.61
2.84
2.48
1.41
0.21
1.13
2.19
4.14
1.41
0.42
0.75
0.52
0.46
1.08
1.24
2.03
0.17
0.57
2.84
1.80
3.64
1.05
1.04
0.22
1.01
1.72
0.64
0.74
0.61
0.44
0.66
0.90
0.47
0.62
0.86
2.32
4.18
1.57
3.08
4.06
0.83
0.69
0.89
1.81
2.85
4.45
1.31
0.27
0.68
1.36
0.48
0.53
3.08
2.50
0.58
3.34
0.42
3.23
0.66
1.08
2.04
1.72
0.08
1.69
2.28
3.09
1.46
0.96
0.19
0.69
1.40
1.00
0.89
3.94
5.05
0.47
1.03
1.01
0.93
0.36
5.34
0.60
0.61
0.33
0.47
1.99
3.07
0.41
3.36
0.51
1.89
1.51
1.06
0.21
2.99
2.80
2.30
0.32
2.44
1.01
0.30
0.09
0.54
4.10
3.24
2.17
1.29
0.71
2.54
1.05
0.66
0.37
0.25
1.98
0.44
2.98
1.22
0.29
0.46
1.16
1.61
0.23
0.33
1.13
2.32
1.12
2.99
1.88
0.48
0.66
0.61
3.44
1.63
2.17
1.58
4.70
4.04
2.73
1.20
4.35
3.11
1.21
1.10
0.61
0.61
1.06
0.30
3.07
2.64
1.75
2.09
0.83
0.31
1.58
2.12
4.24
2.12
1.77
3.32
1.35
3.26
3.52
0.27
0.91
3.63
0.89
1.23
3.91
1.28
0.76
2.43
0.79
3.03
1.69
1.84
0.92
0.27
0.95
1.68
1.02
0.59
0.92
2.53
3.65
2.38
3.11
2.85
2.31
3.19
1.71
1.43
0.89
3.38
2.12
1.47
0.14
1.02
3.92
3.19
3.59
2.13
1.60
0.73
1.17
0.93
0.71
0.83
0.39
1.68
0.58
1.25
1.20
1.76
1.24
1.41
1.29
2.00
0.13
0.85
3.14
2.40
0.86
1.42
1.91
3.14
0.52
4.36
0.96
2.86
3.52
1.95
0.40
0.86
1.23
3.33
0.92
1.37
1.43
3.78
3.17
2.24
1.21
5.69
0.28
3.31
2.55
3.92
0.78
0.86
0.18
0.88
0.06
0.73
0.19
2.22
2.30
3.51
1.94
0.63
0.77
4.75
0.72
4.09
0.66
0.31
1.36
1.21
1.01
0.27
0.78
1.37
0.08
0.31
0.94
0.77
3.86
0.75
3.18
4.45
0.73
0.29
1.24
3.24
2.36
1.17
0.43
0.18
0.74
2.22
3.69
1.79
1.42
0.43
1.36
1.75
0.48
0.87
0.96
2.19
0.88
1.35
2.03
2.80
2.31
0.58
0.92
3.34
0.70
3.38
1.08
1.93
0.60
4.07
1.61
1.48
0.20
4.09
2.04
2.48
3.76
2.62
0.67
4.32
0.35
1.39
0.38
1.08
3.35
0.19
2.77
0.36
0.55
1.42
3.31
0.72
0.95
1.82
1.36
2.24
4.35
1.10
1.07
0.51
0.71
3.08
0.99
2.17
0.50
4.47
0.39
0.60
3.16
1.72
0.19
3.61
0.36
0.59
1.28
0.35
0.43
1.56
0.92
1.85
0.49
0.90
0.53
1.56
0.38
0.62
1.03
3.79
1.58
2.81
0.33
0.23
0.43
4.80
0.61
1.18
0.71
0.17
0.49
3.13
0.45
1.61
5.15
3.98
0.95
2.76
0.53
1.19
2.41
3.86
0.50
3.89
2.54
1.12
1.49
0.07
1.33
0.84
1.20
1.79
0.76
2.83
2.81
1.16
1.14
3.59
3.58
0.47
0.74
2.71
1.49
1.40
0.59
0.71
2.25
2.44
0.50
0.28
2.63
0.96
1.26
1.08
1.00
1.54
0.16
0.30
3.04
1.38
2.52
0.35
3.13
3.29
2.36
0.79
0.74
2.70
4.88
0.32
2.58
3.83
4.37
3.22
2.93
3.01
1.29
0.02
2.73
0.25
0.58
1.07
2.55
1.81
4.25
0.63
