0.70
0.79
0.18
1.38
2.06
1.20
0.74
0.08
2.26
1.08
0.67
0.28
2.24
0.91
0.56
1.60
0.19
1.13
1.45
3.50
2.01
1.37
2.83
1.88
3.78
2.32
3.13
1.06
4.04
0.59
0.74
0.88
3.67
1.97
0.60
1.11
1.84
3.53
1.37
1.86
1.41
1.26
1.35
2.11
5.01
4.71
3.57
3.13
0.80
1.00
0.50
2.98
1.95
3.75
2.92
1.37
1.27
1.39
3.24
1.58
4.10
2.99
1.24
1.59
2.42
1.83
1.48
0.92
1.53
1.78
2.56
1.85
2.89
1.19
0.93
2.02
1.94
0.52
1.17
1.85
1.40
0.49
4.24
3.00
0.35
1.19
0.86
0.70
1.09
0.47
1.80
0.45
2.37
1.36
3.92
3.62
3.29
2.27
3.24
3.13
2.52
1.61
2.46
0.46
4.16
1.79
3.08
1.94
5.10
0.82
0.67
0.51
2.45
3.65
5.29
4.13
1.33
2.78
2.99
2.40
2.45
0.17
2.28
2.73
2.54
4.97
2.14
0.75
2.99
3.30
0.24
1.13
1.01
1.40
3.91
3.52
4.28
1.68
1.78
0.79
0.44
0.60
0.70
1.50
4.15
1.69
1.89
1.16
0.96
5.00
1.82
0.74
0.07
0.98
0.43
0.88
0.22
0.39
1.91
1.40
1.71
0.90
0.76
3.75
4.10
2.32
1.29
2.45
3.68
3.68
3.81
3.17
4.13
5.09
2.79
0.45
0.67
0.09
0.70
1.34
3.81
1.81
1.27
0.98
2.34
2.84
3.93
1.50
2.19
4.54
1.46
0.76
2.03
0.91
1.25
2.08
0.94
2.06
1.55
1.53
2.41
0.86
2.21
1.32
4.05
2.35
4.96
3.18
3.34
1.44
1.50
2.57
1.85
0.94
1.82
0.50
1.72
1.43
3.19
1.17
1.35
0.80
0.40
3.80
0.91
3.21
2.50
1.37
1.76
1.43
1.26
4.33
1.52
1.23
1.81
0.81
3.57
4.51
1.07
2.86
1.71
1.62
1.58
4.25
3.45
1.00
0.45
1.00
2.04
1.64
0.39
0.78
2.48
3.92
3.85
3.48
6.66
3.98
1.59
2.29
1.33
1.00
0.84
0.52
1.32
2.37
4.16
2.16
0.45
1.11
1.07
3.19
0.98
0.78
2.67
1.91
2.95
1.97
1.08
0.29
0.86
1.22
0.85
2.40
2.30
1.83
1.86
0.71
2.40
2.35
2.20
2.40
3.37
3.19
2.47
1.62
0.96
2.15
1.80
0.62
0.70
0.34
2.20
0.55
0.43
1.85
2.84
1.48
1.90
3.30
3.93
3.70
3.40
2.68
0.89
0.53
1.85
0.43
0.28
1.42
0.94
1.22
1.38
3.03
1.11
1.84
3.41
1.72
1.15
0.74
2.53
2.00
1.25
0.21
1.91
1.10
2.45
1.28
3.72
1.79
1.18
0.85
0.75
0.20
0.48
1.71
3.51
5.71
0.88
0.69
1.72
1.12
3.04
2.05
1.75
2.22
1.21
2.72
1.89
0.44
0.91
0.87
0.98
1.99
0.70
1.12
2.51
2.03
0.97
0.23
1.28
1.54
0.50
4.69
2.18
2.26
1.19
0.58
0.39
1.68
3.34
4.92
2.46
1.00
0.85
0.98
0.79
1.06
0.83
4.48
2.16
2.71
1.24
2.06
0.15
3.08
5.06
1.49
1.06
5.50
3.22
2.20
0.43
1.18
0.67
1.97
1.51
4.38
0.53
1.42
2.38
1.92
0.28
3.31
1.84
1.54
2.08
3.07
2.51
1.23
1.54
3.33
1.00
0.78
0.12
0.81
0.63
0.80
0.32
4.01
3.87
4.73
1.75
1.28
1.78
1.90
3.39
1.35
0.22
1.00
2.84
0.29
2.14
4.18
2.66
0.94
3.95
3.91
2.26
3.66
4.73
2.01
0.70
3.65
2.39
0.17
1.60
0.40
0.31
1.72
0.04
5.71
0.54
0.94
1.08
1.56
1.44
1.71
0.31
2.90
2.33
1.43
0.86
4.71
1.34
0.60
0.40
1.51
0.37
0.48
7.20
3.25
0.53
3.59
2.16
3.58
1.01
0.61
1.42
0.21
1.53
0.83
0.35
2.32
2.50
1.88
0.79
0.19
5.22
2.53
1.86
1.75
2.53
0.42
1.67
0.72
3.25
1.92
3.66
0.57
1.96
0.24
0.68
1.37
3.85
0.97
2.55
0.38
0.91
0.43
1.92
4.18
1.69
2.42
3.09
2.57
2.39
0.45
0.86
1.33
1.13
5.04
0.53
2.76
0.67
2.17
1.70
3.53
1.33
2.34
4.66
0.74
1.30
2.33
4.04
2.05
0.91
4.07
3.84
0.72
0.68
2.62
1.72
1.16
0.76
3.78
2.60
1.40
2.19
1.07
6.13
4.83
0.73
0.91
0.20
0.98
3.10
1.70
1.86
3.04
1.97
1.43
4.26
1.00
0.32
1.68
0.54
1.99
1.77
0.98
4.02
2.32
0.80
5.45
0.90
0.19
3.39
1.16
0.61
2.08
4.93
1.89
2.60
1.85
3.36
2.46
0.48
1.79
1.86
2.30
0.49
1.86
0.81
0.12
1.91
3.39
0.89
3.04
2.19
1.90
1.09
0.27
0.82
0.73
5.83
3.21
2.04
2.34
4.23
2.53
3.38
1.87
1.02
0.61
3.46
2.80
3.87
0.25
0.90
1.50
2.84
0.97
1.60
0.59
3.09
3.30
0.60
1.13
1.88
0.45
1.62
0.81
1.65
2.31
1.97
0.52
0.92
0.91
0.98
3.92
0.90
3.69
3.47
3.93
2.86
1.17
1.12
0.41
0.43
2.71
1.47
0.69
0.87
1.94
0.72
2.20
0.97
1.83
0.63
1.54
1.75
0.77
0.84
1.07
0.37
0.52
1.95
2.33
2.99
0.51
3.64
1.96
0.54
4.97
0.70
1.13
0.99
0.32
1.51
0.73
1.05
5.80
4.47
1.80
1.50
4.19
2.53
3.92
0.57
3.35
1.27
3.54
0.38
1.26
1.12
3.90
2.02
5.24
2.55
4.32
2.33
4.66
0.27
0.98
2.36
1.12
0.26
1.58
1.38
1.01
1.32
3.56
2.47
3.95
3.39
3.84
4.83
4.35
1.93
1.61
0.96
1.38
1.56
0.85
5.52
0.88
0.25
0.22
2.11
1.30
3.12
0.14
1.42
0.75
1.55
0.24
1.35
0.35
1.52
1.04
1.64
1.69
3.59
2.52
3.65
1.96
3.21
3.64
1.13
3.76
3.94
1.97
2.14
2.38
2.43
1.19
4.30
0.50
4.53
1.09
0.72
2.17
1.89
1.32
1.19
2.64
1.77
0.63
2.03
3.06
2.94
1.85
2.67
1.51
2.32
1.33
3.95
1.30
1.83
3.64
0.36
1.07
0.56
2.64
0.54
3.98
2.57
2.18
1.39
0.68
0.68
2.46
0.92
1.26
0.49
0.86
0.96
2.93
1.43
3.35
1.69
1.49
2.65
3.26
2.40
0.48
1.65
0.72
0.26
1.88
0.65
0.58
2.80
1.73
0.77
3.48
2.10
2.48
0.73
0.35
2.00
3.83
3.05
3.59
2.35
4.57
2.48
1.92
1.66
1.20
4.21
4.14
0.99
0.36
0.90
0.37
0.96
0.80
1.28
0.64
0.75
0.47
2.15
1.81
4.61
3.94
0.19
2.56
2.31
2.44
1.42
0.62
0.34
3.05
0.59
0.79
2.06
1.76
2.24
0.89
1.14
0.20
1.18
1.75
0.65
2.28
0.91
0.73
0.74
3.35
0.08
1.34
1.20
4.37
1.87
0.77
0.89
2.77
0.44
0.66
2.60
0.96
1.40
3.02
2.38
3.70
1.21
2.63
5.17
0.17
2.47
0.55
4.41
0.27
2.43
1.86
6.29
0.44
1.36
4.16
1.52
1.56
1.81
0.63
2.67
0.24
0.89
0.47
0.83
0.24
1.64
0.76
1.81
2.23
3.18
2.06
0.98
1.24
0.21
0.22
0.66
3.31
1.45
2.96
0.82
1.43
1.10
3.89
0.78
0.05
2.34
1.86
0.94
3.03
1.57
4.37
3.09
1.79
0.67
0.79
0.30
0.68
2.61
0.80
4.22
3.79
3.43
2.36
1.11
0.53
2.75
1.60
1.79
0.47
0.79
0.61
0.77
1.87
1.19
2.36
1.85
2.15
0.93
0.46
2.42
3.50
1.40
0.43
0.42
2.11
2.48
1.62
0.80
3.69
2.10
1.99
4.14
1.19
1.36
0.92
4.02
2.13
1.43
4.42
2.01
1.43
2.08
2.52
0.46
3.30
0.93
1.42
1.66
1.74
2.21
1.10
0.74
0.25
1.27
0.40
0.79
0.83
0.23
0.23
1.46
3.68
1.27
0.53
0.74
1.36
3.25
2.33
4.47
1.77
2.97
2.85
0.22
2.69
6.09
3.09
2.40
2.97
0.64
2.93
1.19
3.50
0.72
0.45
2.23
1.16
3.18
2.69
0.79
0.39
0.61
0.36
0.72
1.12
0.98
0.83
2.39
0.72
3.61
0.95
0.30
1.08
5.66
1.36
3.30
1.60
1.14
1.08
3.53
1.34
2.20
1.60
2.54
0.97
2.94
0.92
0.43
2.84
2.90
1.82
0.70
0.86
0.67
1.90
0.60
2.97
2.11
1.44
1.13
0.94
2.21
0.86
1.72
0.82
2.46
3.47
1.12
0.63
0.38
0.64
4.14
4.15
1.59
1.15
1.12
0.83
1.90
0.50
1.51
0.29
2.40
1.82
1.06
3.41
2.86
3.53
0.38
2.06
0.68
2.12
1.85
0.96
1.39
0.31
1.13
0.78
0.98
3.15
2.85
0.94
0.11
0.95
2.17
0.58
1.69
3.21
1.67
0.89
0.68
0.60
2.39
3.07
3.17
2.27
0.52
0.63
3.27
2.56
0.96
3.48
1.88
0.44
1.13
2.69
1.25
4.33
2.83
2.84
1.45
0.79
0.57
2.92
2.27
4.78
1.77
1.19
0.77
2.20
3.39
2.14
0.91
2.52
2.23
1.21
3.20
2.61
2.13
1.28
1.88
1.52
2.29
2.59
4.68
2.64
1.17
2.15
1.03
0.41
1.69
0.70
0.61
2.67
0.54
3.34
3.58
3.53
3.06
2.23
0.64
1.14
2.52
1.22
3.20
1.06
0.68
2.06
0.78
4.02
1.11
1.14
3.60
2.35
2.14
1.44
1.07
1.56
1.24
1.67
4.18
0.99
1.00
4.29
4.95
0.64
0.72
5.20
2.99
1.44
1.92
1.89
1.25
3.21
2.42
1.33
0.52
0.37
1.66
0.93
1.27
1.34
1.29
0.87
0.21
1.71
0.83
2.89
1.06
1.75
2.50
1.41
0.76
1.89
2.39
4.08
2.61
3.42
2.21
5.45
1.89
1.40
2.21
0.42
