1.42
5.33
5.03
1.35
5.40
1.50
1.57
4.83
5.13
1.46
1.40
5.02
4.49
5.61
2.16
2.57
3.51
3.38
3.55
3.64
3.27
2.94
2.58
6.50
2.47
4.71
5.50
1.47
5.55
4.50
4.45
1.57
3.82
3.28
6.13
3.33
2.02
4.40
5.11
3.43
3.61
3.74
6.52
3.54
3.01
4.50
4.05
4.51
1.43
6.09
4.26
2.73
5.33
3.04
4.94
4.92
4.98
3.97
3.13
1.80
3.42
3.93
6.16
3.99
6.52
4.44
5.61
3.09
4.48
5.65
5.89
3.86
3.34
3.57
6.41
4.02
6.81
1.51
1.58
4.97
5.33
5.41
7.45
2.63
3.78
6.73
2.56
3.14
6.29
2.40
3.89
2.32
3.01
3.06
3.54
6.06
3.93
3.97
3.17
3.28
3.49
6.88
3.87
5.57
4.44
4.44
3.08
4.62
3.71
3.05
3.63
2.80
1.70
6.10
3.23
1.30
2.60
2.59
3.38
6.76
3.83
2.59
6.55
6.19
2.10
5.63
4.49
4.68
6.52
4.22
1.94
6.07
6.46
2.11
5.96
4.10
4.06
3.29
4.43
3.13
5.71
4.45
1.95
4.12
5.96
4.61
1.65
5.62
5.16
4.46
1.74
5.86
1.78
2.14
2.16
4.16
6.20
1.57
5.65
3.02
6.98
3.64
3.00
2.48
2.98
4.93
5.23
1.43
3.57
6.46
3.63
3.51
4.84
3.75
4.72
1.57
1.64
1.64
1.69
1.66
5.75
4.50
0.70
3.05
3.19
4.37
6.62
2.83
2.73
5.13
1.39
1.52
5.08
3.65
1.99
4.28
4.36
3.26
2.33
6.32
2.31
1.59
7.99
4.95
3.10
5.13
5.02
6.16
2.17
1.55
4.55
1.59
5.68
1.72
5.66
4.54
1.66
2.51
6.52
3.91
3.11
3.92
5.14
1.76
3.80
3.68
5.30
2.49
1.41
5.47
1.46
4.78
1.48
3.53
2.28
3.14
3.72
6.68
0.47
4.65
5.40
3.66
1.60
3.36
3.77
2.39
4.17
4.60
1.41
1.42
5.31
5.05
1.47
3.21
4.73
1.46
6.11
2.88
0.72
4.17
4.15
1.61
4.73
1.49
4.61
3.56
4.83
2.83
1.68
3.40
5.82
5.90
0.67
3.49
4.67
4.73
5.45
3.05
1.61
4.60
6.79
7.66
3.04
1.99
4.22
5.98
3.30
3.64
1.56
3.61
3.38
3.38
3.89
3.90
2.49
3.16
6.82
3.51
3.20
3.55
3.04
5.41
4.55
1.46
5.13
1.44
2.75
6.60
3.80
2.95
1.75
4.44
1.77
5.73
3.27
2.52
4.41
5.55
4.60
1.60
1.61
2.29
7.88
3.98
3.88
1.80
4.12
3.20
4.05
5.86
5.94
2.79
1.75
6.14
2.02
4.22
2.05
3.01
3.69
3.70
7.64
2.37
6.24
4.01
2.37
3.37
3.46
5.13
3.01
6.29
3.70
3.28
3.71
2.41
6.45
0.97
2.26
2.23
4.05
6.29
5.69
4.57
1.64
1.68
4.70
1.83
3.52
3.26
3.55
2.35
4.12
6.23
2.38
6.83
3.51
6.25
3.27
3.00
2.58
6.82
3.18
3.51
3.15
2.59
2.72
6.63
3.78
1.70
1.67
3.43
3.49
6.56
3.41
2.34
3.41
3.69
6.72
3.51
3.46
6.31
2.47
3.44
5.76
2.99
5.77
1.92
4.48
1.78
3.28
4.01
4.00
6.98
1.09
4.01
7.95
6.01
4.18
1.44
5.04
3.17
6.55
2.74
3.13
6.79
3.04
5.90
4.27
4.30
3.10
5.11
6.10
6.85
3.67
3.02
4.30
5.49
4.81
6.73
2.62
4.20
1.25
6.63
2.86
3.77
4.63
1.55
5.52
6.72
3.41
5.83
1.74
1.83
4.33
6.45
3.41
3.68
6.56
4.05
3.80
6.68
3.48
2.76
2.70
3.73
6.66
3.89
3.28
6.83
3.53
3.33
3.19
4.07
2.21
3.33
2.73
3.50
3.53
3.74
3.38
1.25
3.58
3.84
1.46
4.72
5.54
1.49
1.58
3.22
4.17
4.15
4.99
3.65
4.94
3.90
1.74
3.38
3.79
3.85
6.38
2.90
6.61
2.83
3.79
1.97
5.98
1.92
7.83
2.05
6.12
1.95
4.65
1.25
1.30
4.06
5.49
3.09
4.78
2.40
6.48
3.95
4.02
3.23
6.08
3.94
2.03
3.91
4.50
3.95
1.45
3.59
2.15
4.93
1.56
5.07
1.52
2.26
3.72
5.97
4.23
1.93
4.13
2.17
3.84
3.39
6.30
3.71
1.47
6.46
4.79
1.64
3.79
3.20
2.24
4.76
2.67
4.06
1.58
5.08
4.89
4.98
8.24
3.41
1.50
5.05
5.22
1.53
2.74
3.69
6.54
4.71
4.57
5.94
7.61
6.48
3.39
3.60
4.25
4.28
1.99
5.99
3.19
3.66
7.46
6.41
3.56
3.62
3.31
4.87
1.55
5.28
6.57
2.19
4.62
4.43
5.38
4.66
4.62
3.12
5.92
4.00
4.07
4.11
5.95
3.25
3.86
6.78
2.43
3.65
3.25
2.88
3.79
6.67
2.91
2.36
3.96
6.30
2.44
3.17
7.39
1.76
2.83
2.92
3.71
6.70
3.46
6.66
3.35
1.40
5.24
4.99
1.43
4.53
3.05
4.74
4.75
5.30
3.56
4.06
2.44
2.43
2.36
3.96
2.71
1.53
1.54
5.39
4.75
0.43
3.06
4.96
1.40
5.27
1.48
4.47
5.80
1.81
1.86
5.52
4.61
3.10
4.65
1.85
1.81
5.97
4.22
4.65
4.79
4.58
5.34
1.43
4.96
2.02
1.95
5.93
4.35
6.25
4.02
3.70
5.53
1.49
4.77
3.73
1.39
5.31
1.48
4.99
2.35
6.32
3.99
4.06
3.87
3.31
6.13
6.10
3.97
3.29
4.12
5.41
1.67
4.43
1.78
5.64
1.82
4.11
4.13
3.22
5.99
5.65
1.64
4.55
1.80
3.29
4.73
4.76
4.04
6.22
2.27
2.30
4.10
2.15
3.92
3.26
4.05
5.91
3.14
3.55
6.80
3.08
4.55
5.60
2.24
2.24
6.23
4.01
4.91
1.36
1.53
5.28
4.03
6.27
2.27
1.63
5.57
1.59
1.81
3.18
3.25
4.78
3.93
5.27
4.56
5.05
5.13
1.95
4.89
3.07
3.73
3.80
4.71
4.46
3.66
6.13
4.41
4.53
3.12
4.18
7.27
8.41
8.19
2.63
2.21
3.69
3.60
6.54
3.65
6.58
3.23
3.77
1.98
2.99
7.52
3.02
2.85
5.04
4.99
3.49
3.40
6.05
4.16
2.36
2.17
6.38
2.58
3.91
2.70
4.11
3.87
5.45
6.19
2.21
2.40
3.98
2.13
2.22
6.14
4.12
2.63
6.59
3.96
3.58
2.79
1.83
2.70
3.79
2.69
1.59
3.67
6.55
3.76
2.64
2.32
2.28
6.26
3.97
1.17
7.07
3.47
4.14
6.61
3.19
3.98
5.49
3.62
3.22
3.87
2.76
2.36
1.09
1.96
1.85
1.50
1.92
6.87
2.26
6.33
2.36
1.57
1.56
5.71
1.72
1.62
4.57
3.08
6.70
3.10
3.60
1.70
4.53
1.74
4.06
4.02
3.26
5.89
3.80
2.72
6.48
3.28
3.88
3.07
3.35
6.59
2.64
2.60
2.91
3.70
3.16
4.18
4.13
5.97
3.19
6.03
6.91
3.22
6.79
3.65
2.87
2.87
3.01
5.17
3.03
3.91
5.32
6.11
5.04
5.03
4.97
6.29
1.60
2.48
4.25
1.91
6.11
2.07
4.16
5.97
3.20
4.22
5.89
5.84
6.83
3.48
2.03
4.07
4.06
6.18
3.15
3.24
3.19
6.78
3.60
3.19
4.77
2.71
3.61
3.59
7.20
7.15
3.90
6.13
3.31
4.04
6.08
4.14
1.36
1.39
5.23
5.00
4.97
1.97
2.16
4.13
1.58
1.64
5.62
3.05
4.91
5.79
4.89
3.64
1.96
3.59
6.48
3.55
3.41
4.00
6.29
2.34
2.40
5.21
3.35
4.93
2.33
2.25
6.31
4.13
5.38
4.19
6.10
3.37
0.77
1.84
1.85
4.48
5.89
4.72
1.46
1.47
5.40
1.91
5.27
4.91
2.77
2.21
3.12
3.05
3.58
3.14
5.51
4.70
4.61
6.16
5.52
4.50
1.50
2.96
2.50
7.59
8.33
5.47
7.32
3.29
3.50
3.85
6.47
3.36
3.75
3.82
2.84
2.81
6.66
1.64
5.81
1.72
6.72
2.82
4.47
3.67
2.10
1.63
2.82
6.51
3.80
2.91
3.14
2.97
2.59
3.54
3.14
4.25
5.90
4.12
4.02
1.46
5.23
1.38
2.48
1.45
1.43
5.14
4.99
4.44
4.39
3.08
5.64
5.09
5.07
1.41
1.46
1.54
1.39
4.90
5.34
4.93
6.35
3.95
2.43
2.34
3.86
3.22
6.92
5.52
4.66
1.64
1.58
1.50
1.44
2.34
2.61
2.25
2.22
6.20
5.21
3.66
2.28
2.09
6.41
2.35
3.96
2.44
4.75
4.85
5.26
2.98
2.12
4.14
6.10
2.16
6.87
3.15
3.63
4.62
5.54
1.63
1.60
4.13
5.26
3.89
4.68
1.62
1.69
5.73
1.35
1.45
5.22
5.03
4.84
3.16
4.72
5.33
5.60
3.16
4.45
4.10
3.79
6.40
4.13
6.50
1.81
4.84
0.73
1.99
5.92
3.27
1.76
4.33
2.96
0.87
5.31
2.41
1.60
8.01
2.08
2.15
6.24
4.22
4.29
5.83
7.76
1.42
1.46
2.82
2.49
1.27
4.14
6.48
0.90
1.65
5.53
4.80
3.95
5.15
5.03
1.35
1.38
4.92
1.38
5.31
5.30
1.37
1.42
5.02
5.34
4.86
1.55
3.59
2.65
4.48
4.69
1.61
1.71
5.66
4.56
2.10
7.34
6.04
4.11
0.73
2.50
3.16
4.23
3.28
6.03
3.98
4.02
3.76
6.38
8.00
4.86
5.30
1.41
1.40
3.66
2.91
4.56
5.62
3.18
4.61
3.94
3.93
6.04
5.15
3.71
2.74
4.23
2.02
6.03
4.29
1.44
5.16
5.09
2.78
3.90
6.52
3.78
7.93
6.59
6.00
1.98
2.66
6.23
3.75
3.88
4.82
0.89
3.17
3.00
7.08
7.29
3.98
3.33
3.84
6.28
2.67
2.80
2.07
6.21
5.74
4.24
3.12
4.14
4.72
3.75
4.06
1.85
1.47
5.06
5.06
1.41
4.42
3.09
4.51
5.52
6.25
2.60
3.91
2.23
