2.071182959481917
0.44236827272455004
2.0816108273195186
4.089452053266123
1.683506267544463
1.5252475438774695
1.8440824658907722
1.069099051871881
2.8021768706776267
1.099900954669268
1.8766487484113754
0.5258794247679438
0.30344874776574277
1.8308476368794262
1.724259487506256
1.2076991022286057
2.555303427796184
1.6584444084265013
2.6740930803023115
0.8847381919285593
4.281182631236277
2.891919391906435
2.9443523064770925
5.301989216755281
3.118623026628489
3.297096316916316
3.8779192702105605
3.5309196053053893
3.3030534155071543
1.289128756662352
1.2591046199551035
2.868415568622117
3.504456870468417
3.3853904830837087
4.843444165652527
3.962371068970342
0.06667076416430699
3.599365326194362
3.184925558414172
0.5865659759020613
1.6598613626816463
4.016967718783315
0.5923542586761046
4.665765539948197
3.7559260575318922
0.5510349960049845
2.2415465317932775
2.424954838476185
4.2299959948904196
1.3804931519067307
1.1777925924259456
0.2158626237236114
2.2634004325055295
3.730907797451054
0.3151035646042844
2.400598912319358
2.105369385918972
1.9479967716478048
1.602544931655629
3.6057632537864706
2.599418913703389
2.1245379262927875
3.688775866790215
1.5397880966408493
1.0536443449162154
1.9467152930183556
1.773413214587383
2.272741408644975
2.073727825956423
0.4882064257517102
1.4565535718383245
2.096143371980149
2.7125955333161738
0.6136415604200064
1.7550805434242605
2.29808286913467
4.360664137410714
3.2419934346553974
1.3914862834144552
1.2078781249658193
1.355685500931624
1.2975472542168938
1.6826919638977436
1.5153805560678528
2.5303746607438917
1.0986055181555223
0.29245288559491056
1.977924084444606
0.4006735038707597
1.8666487798097597
3.611660578063194
5.003561650317184
2.971089375870847
3.5522607199735554
2.9179413580327704
1.6140872755804414
1.9242181801073412
3.4915703409982295
2.7836622731662204
0.35293172571795356
5.254845557164235
4.591871627668616
2.5488712377943634
1.6190783205594121
2.3247809965075543
2.674109753469921
3.8693255660384884
1.33024543598188
4.034331473370552
3.323301551936664
0.3117816034304719
1.266742384378826
2.7615854677369613
3.6907410980111024
3.943075984138832
3.0013589739093796
2.6487065658386424
4.209626793964696
4.418050142591419
1.2443651909243982
1.0848956693652032
4.116095768231313
3.3150620591364817
3.323343094274571
1.1313817573589668
2.983855681364335
0.9463992281126173
1.7996366923886553
1.421787838230741
0.7682958326177783
4.367916427297275
4.070226535536956
2.6228873269646034
2.6791986562084262
3.3417087430179495
0.2819848995093143
6.57783384966228
4.513328518755588
1.2269475714399283
2.4843784110005647
0.17216414431200497
2.732385849686745
3.6373578083755462
1.0093195548011733
4.447541772487001
0.8036981865198705
4.183155086894867
4.5004408873417185
0.9547887267096062
0.09307957387709552
4.0936394318988345
3.706303970984484
1.1342571780624275
1.4774270850923479
2.4388386436704472
0.7042729093961176
1.547808242958665
2.6788381431875035
3.309671940919018
3.407831988681652
3.467331771439613
3.208742143999372
4.783681037319343
4.618525121104378
2.570379405886589
2.654651215498088
0.5939562150359436
5.1840715172151155
3.579737131153179
1.4308847330108596
2.4330504374858943
3.4950696539645127
2.296587819053545
1.1595492523626671
2.900795523327751
0.4301536794182105
2.745924847216338
0.45656212644589733
1.7780450295531807
2.1966631571230812
3.6083353640742803
2.886343845636958
3.599136130400224
1.958940163666082
1.621766012210356
2.9425104532574182
2.233535237610615
2.989280366536548
4.2855923632181385
3.812964521210483
3.8175246363854836
1.0399723174820732
1.938118081114753
2.2962016544292068
0.7606031684204166
4.316126060768004
2.7806578153858146
0.7266464436336317
2.144093496307912
0.30261584158675575
3.0746075322873834
2.3699604678776685
3.9754129926315875
2.087094151323256
4.0378612713111615
1.7037525250462788
0.23931323594629167
7.764279426317083
3.850425877448982
1.884347372427117
0.6683818528833522
5.051557908725408
3.840522561407224
2.2493170883921003
8.273118239641668
1.7785882847018482
3.837280486860792
3.55602725004778
1.1182325739166217
2.0805873028075736
3.628587619637721
3.3168553590942835
4.202720803572742
3.98579132253395
6.694605307131399
1.9366740753080727
3.875055991523859
7.610976489631445
3.379060560504796
3.0732130362776746
3.1395501467095115
4.174427350185054
4.0278609299795844
3.056073600145824
4.494958997780852
2.1448925732031174
3.463405495099767
0.28180741862037795
3.186619775074032
1.143821992331452
1.1110214209635974
4.019379044548931
1.2317261456257402
2.2105301945934985
3.2341003222247835
1.781291866597396
0.874034885299193
5.56731367424587
2.22548068345491
1.473976165374965
1.4863471586060129
2.6684575410833666
2.2773184822727606
2.2702854962373267
3.639789644769186
2.8958162203063833
5.624697698202732
3.1954432129468553
3.1627790388497683
0.43320941144688196
1.9926390202636761
0.7258129772448378
3.1329280688019963
0.04046919120520294
3.334693275865053
2.585531922562452
3.3594931722936567
1.1190372906020547
2.88948819873745
2.2633813000514587
0.30107525239972455
1.5817816493811603
2.400537867742461
2.420779436808594
1.961483640453955
3.016904969018236
2.59038159051186
2.558043521740666
3.8916861740408866
4.257753610633457
4.612731600418452
7.284447834279165
1.311905135297242
3.676263697843607
3.798985489239817
2.1859439119314796
1.739931069922559
3.880858303980368
1.7663672559371268
2.2979419826823375
0.432889413053048
3.4080950207114857
3.4105669400392657
2.230250316241075
1.8987975384838724
2.931276786722326
3.460298724075179
1.6237419942251625
3.8576759077336638
1.622725946896085
4.5050583753953966
1.7324643660641363
4.955070338698681
2.038203643516446
0.5905938392759965
4.3068164126780815
1.7234227982050732
3.257430309330775
3.346239470247914
3.269785377394647
3.935989222679278
4.345350783495154
2.3475842643920366
1.330136539099085
1.3252735274808514
1.4549239819934112
2.2344487332736427
1.0571639875536687
1.9053722375144915
2.3729734417302932
0.4486056558217151
2.3948888516398776
2.8181477187346293
3.6952219844024174
3.23314959447498
3.034978764415235
2.21188116640367
0.7841337767241955
4.672470500480214
4.2851949535389355
0.8660029820206042
4.794996901033703
0.9219294398647261
2.704217234354288
3.3428198200316332
0.461110654093082
3.255108763541492
2.3519335958749172
1.5406856398269242
0.0987297179646151
3.4356284762461025
1.8917759735130355
0.42159804066791695
1.2783301320368154
2.8685303976579455
1.7834269490772947
4.581381983985768
3.864541515566996
3.287005076056275
1.8851003120631065
3.942972121674734
2.609424506704078
3.652658509254414
4.244782152468508
2.029079574783918
4.176718610378504
1.9101976818136366
2.4065230783129685
1.2372428118711725
2.2768153423299036
0.8079179354271624
1.3986374371566852
3.4565554454428646
0.08325731637425511
0.6240971246256699
0.873411980541999
1.578955116542156
4.561853818934988
3.450903879001232
1.70446172274493
1.119423611033593
3.3031322495411204
0.08185467636293985
3.8042463205173624
1.7095696008379149
3.5325498689644483
3.3873780330927388
3.716103359912172
3.6730552202596414
3.494703289475361
0.01326096345624727
1.7021740202940718
3.7212054531997283
2.696976856185555
0.21782288794426202
2.6789110313939997
2.8558313561273305
3.698836757856253
0.6694808771351866
3.1410132050805264
0.3519284425378705
1.9392561835589535
0.31940858309968245
0.6866444843647257
0.7299714155180421
2.1131950234648036
4.111798295375724
2.5046036399821365
1.406254010483947
3.8275842968246963
0.5537270383788322
3.218304399242196
2.5187309226770127
3.0598060922342363
4.249160689337207
3.9014508153885554
1.6189915122991154
5.59610527626728
0.7990959304145405
4.2010243829566365
1.7207563144552396
1.0557002196166556
2.8878478588362824
3.768146515577052
1.1508402051161548
1.1879439018719578
3.5819787556850304
4.833760208706992
4.28768407923128
3.5594364107692376
0.5955742909029493
5.285372195971589
3.019245502427564
3.2485592473115985
0.34766320298314285
0.3540028304479744
2.2614700665576253
0.6210824770590417
1.363745864737008
3.232925598907939
2.82586363262069
2.5504030080444795
3.2609585090429145
2.8753456575152696
2.5506432759769004
0.36457272341983726
4.077545673341659
4.751536398595659
1.6330274342272513
1.4755925190789785
1.1038199228492385
0.7675091485154933
2.972773510239785
3.5379252102398477
2.9349283901977246
0.1555120727509062
5.750495432226554
2.6546417569437515
1.5291174192694659
5.950760494417301
3.362214080916645
2.4674221128669447
3.869431953164351
2.7827337673047077
2.933088326253516
1.8213580122242923
3.5587107459672405
3.7542940907337172
1.993603854647963
1.0791692353910298
2.866276016702585
1.7096454659750988
1.6285173320112567
3.233957588197231
3.0719411837064423
0.321055881109676
3.9644932059375892
0.2589308445968668
2.2836504138327887
3.63859428473004
2.8861297462385846
1.2116920699066727
1.8478466832355915
2.4798862531317245
2.5610686074737603
1.343364575039163
3.23045988589076
1.7078035321186606
2.3574061363325165
3.7584823080302825
4.191792769338394
2.2963286482445433
0.6311464083045388
0.8991197929573629
2.7835108859764466
3.2701402795001187
2.23382105030813
2.2848659509934635
2.1045917411361517
2.490992949228253
0.08079372030722487
2.3644061766398523
4.402777599401152
3.054028793198162
1.9966702078698284
0.27810707764334397
1.8278602627036404
2.5772556672144766
0.9055748361142492
1.5372968188248317
4.864734246828637
0.7776082816480218
4.409693923669089
1.6746710585882254
4.482896835983646
1.6134895160081764
2.8832338075712856
3.1950376082325316
2.967052358357489
3.033238738495328
0.26503801110044495
1.9785252375224858
5.1829441511870655
0.16733257672317992
0.6830845117222549
1.1493570343142345
4.689382985317151
1.8342599275005913
2.9616819471196725
1.5180489809483222
0.6622593370476525
2.5759561978546968
0.4184468259209446
2.123932602068028
2.147020665664134
2.2155430847088797
3.9085113678734547
0.4884324744810089
2.960139092613832
0.7785389401091947
2.2014235830822018
1.9758526976118218
3.2998009113477567
2.922615489408116
3.6749624643654673
3.0528217193200393
3.595950253379008
5.814884263712442
3.0443241723257994
2.2960440106395983
2.7169609386880365
0.6348695678946766
3.59464446188017
1.7792567165689401
2.4726125169246678
3.2824605409121737
1.5243304742190076
0.34789917503705664
1.642051732390057
1.9611083919036687
1.6220669324959298
3.250683787489416
2.8489662819003314
2.8838289236365497
4.100171676880974
4.244612277952806
1.7770820544128432
2.5181465055731462
2.932790759149108
2.291587904966362
4.037614834342545
3.4400706843011135
4.462464971242121
0.48817126233692476
1.4694919597680025
2.0504246680528935
1.817042183240861
4.8437143445463615
1.0421887550232882
2.111267190159103
3.101689436298333
0.33373551227050097
4.958027445647152
0.4037011028862292
1.7292514812079611
3.1011388885765547
3.1201790379431094
0.6131514811640667
4.2206340490548655
3.690967953082406
0.4936971123674517
1.0352098869930817
2.0226323822289447
0.8462365769173964
4.119504675071577
1.8458233973889093
1.0502401712959049
3.5201607230015965
2.0356888179371055
4.59247424996316
1.5477217201777815
1.1004056228793428
1.804636051364845
0.9670040889146009
0.8443340237187367
3.0643528290873725
1.3923317239384616
1.887918828930762
4.142216368112056
2.2427591510864584
0.3688146875568859
0.26497148406901794
1.619648282884996
0.35141603064593596
1.4048812379206004
0.8546814443764437
1.691506359587799
1.5792198840772098
0.8997336185620879
2.962972611230205
1.0147204937661416
3.261290477587492
2.655500109102863
0.49273985316102054
2.863555471459057
0.7469168385933505
2.5179825034247507
1.3092546770825968
2.3153971950530394
3.574987590850305
2.4826097590830427
0.4719576759285159
1.7592353705160644
0.7930238483217725
1.3530265755215407
3.923888303218163
4.1164210777419985
1.8703926798183843
0.6753926056823095
3.999890871190027
0.9039486567661836
1.9090365797677276
1.6886783777026413
3.7584584976864956
1.6703939118999844
3.7902638922984644
3.3295687344695044
0.7842745895931295
2.7013034235443785
1.5882002527316468
1.9613733108222022
2.39472917656358
4.600323769910866
0.11735610650729886
2.944928013293158
3.877111552642869
2.3281740496213192
0.8700261109251978
1.3415970592498736
0.7926751040565684
4.213373985705358
4.063520884301342
3.9329679222308043
0.9210289375745927
2.364068839749056
1.5587339791104569
1.612680326943133
1.2061487978026417
1.7698804585175356
3.7386193390373887
2.954455851235241
2.4703610193069627
0.4798171527809264
3.0577983196283145
0.9646747846588561
0.3343338696841478
1.5585369155897322
2.2400396571142327
3.0860408999613145
3.9435500066030964
2.436250642867968
0.5365063039260304
2.6655243066402843
1.4206106078457323
1.3304909707809187
0.32607515142364685
2.6868715326722965
1.106138758698502
4.188345898329147
6.955720064195993
2.480215542236098
2.8320889981630586
1.3916432510984138
4.729138354231851
2.902475234300697
1.6682809817916864
2.178317298237159
1.3007618033218724
1.2722921866809764
1.0783172160078798
2.0620906202013267
4.26018146388807
3.221943928781812
1.5081965825812391
1.922504710337412
3.902737588281701
1.632112885058954
3.9839206259408777
2.3434031333862873
3.1849774188004982
1.1227429997709595
4.4804288751469885
0.22231132575153248
1.1936047139879686
2.540311843194383
3.5306532888989395
0.16466303593475787
5.529017486387749
3.844877356165643
3.729248633599793
0.6532700526203257
2.9860756415909067
1.6450541355308266
2.90106656031459
2.6784377800007872
0.313250685899248
2.0460025610891672
3.318335436152485
2.4406910865846467
4.895089285454459
2.079236827874667
3.761080570587266
2.196343733770487
3.8210101709006636
1.3724188919324363
1.3028665506242936
0.7130146970937259
2.209862952234098
2.3883452988133653
0.47569156982861965
3.5445989797651194
3.3566765683746684
1.1937597991993567
3.9162099118533216
2.9258212490317876
3.7811673056950372
0.7973682857850473
1.9400710015409819
0.09751863400975097
1.8816362664447046
3.2611987600102528
1.6756997008824464
1.5557561280033512
3.742782194982449
2.5645820799835586
2.491963484326115
3.1843983581963378
1.821551112179559
3.2080215597654314
0.9333563321271187
1.4357193295762574
2.1372821748051676
4.44074285850397
1.3532061157339808
0.25906019561249655
2.0851854354785035
2.246024325068012
0.8505294811023003
3.4778597829588125
3.786031002145231
0.25851690415630135
3.9521806504500403
1.9273841674135055
0.4373333299538738
1.716652685347261
0.5385237867476648
1.2776969989591744
2.690109625541562
0.9576756493326706
2.690000178127018
1.8330832073220948
2.5348013503273403
1.6964839021127291
2.6417119580865127
1.0086908452658854
2.7539481460085233
3.5812736925871698
2.3860977505750056
3.2092763304832816
3.2634687184949978
3.8696602075340016
1.0770135744202523
3.704652470492614
1.7298490684781256
3.9101913002365105
0.21644088132352682
2.1198235816901545
3.6038576402887657
3.008132342490687
4.014915224760708
0.4752814177650259
3.696891646491739
0.5332651023389857
2.6867208005926875
2.90646523769489
2.654499810235475
0.8906044606744022
0.3729005995674246
3.7519286201101325
3.7368072218408583
0.926902832709364
5.551116221873298
1.2106677776370818
2.0426876814991184
0.5582743591878034
1.1727390072088297
1.0530167223149502
2.6412666018172235
2.0810936450636985
3.277856258083008
2.349684836176681
0.7543268993116723
3.711136489007224
3.982981115014791
3.279346102577807
5.019543282161302
4.993158149012317
0.5416473493722095
2.467995497406556
3.56846175859302
1.5877365071050313
0.8712767823167904
2.678613549435401
3.5639602346068395
0.3987805639260056
2.368058077278038
2.941779570718296
3.098491441973717
1.9317644931276607
0.5921583719884939
1.9525615757456187
2.7508441656913707
0.2460839653487094
2.9691597089214046
2.723516128263467
1.0174631432423114
1.9718263318927345
4.895392205450616
1.6579413414526252
1.3527160366718616
2.0442503029474466
1.038610302164746
1.1263413095777752
1.295192129219195
1.2743686712963902
1.0807927168451774
3.4064539639439695
1.5836230952396448
1.3966412559221357
1.0179190254437305
2.272267358644268
1.6164356982366346
1.1496399566031024
3.2144448220345887
3.62645101057676
3.7674426284412434
1.7645682084256242
3.300962449185284
3.6951595495727956
1.9660335409263794
1.3619492503379182
1.8161689909565046
1.0700445703544152
3.947088305051426
2.0600244364162146
0.8853812065818479
6.015702154640012
2.953663329483245
0.3098150827298883
1.545630689851738
1.8824936791256641
1.9676779523012229
2.167977485813512
2.926642827387348
3.9047685451949214
3.560458611521803
1.8376122201186569
2.1284667817332457
3.018442410688459
3.5465749335568413
2.622035664387843
4.107304769309709
2.969372153410821
3.5060752039065446
1.8332650721759758
0.2131665509476385
1.6577554780794364
2.582795081451736
0.366800836233477
2.5117314926875802
0.6712942250850665
1.6637338902230725
1.9954910574539166
2.265777198268354
0.6296376481722936
1.8476968802686875
2.8620883287717787
0.7030151473139874
4.633150198399034
1.0500414337822346
3.9326899570537868
4.408884866759498
3.02342103679063
2.655592979332012
4.080520919977849
0.2109233507182917
3.8740154587100717
1.5354762285100578
4.072092968160972
0.7263329200144631
4.0187912046583
0.33764103864362255
0.2452545845209928
1.4601488096362394
2.6220318267340983
2.753057105587257
0.9678965992158277
2.4795339734880457
1.2176696795596222
1.424799304442032
3.402479801415665
3.653908084851092
1.9842260994211907
2.142828942216743
0.2729770603576103
2.15888373730501
2.885883405602613
2.066191930926619
0.22532182152764246
1.7952310076459437
2.101902067475531
4.701439289417319
0.09276380174268474
2.4672198733440776
3.3158329319575883
3.989693490871804
3.4124022354597545
3.832129003969829
1.6274549583450575
2.71615028391132
3.960721920819959
2.437914550364375
0.3099660479892399
2.727041505469671
0.41954934258737236
3.0940308568121058
1.8456464027659303
3.6623716872659253
4.935343625994732
1.6235427277934036
2.178358395466832
0.4745847052755864
3.6376937440635304
3.4179850585551366
3.148518557587986
3.962387953940462
0.31353587657411996
1.7999814867473785
0.8190339385276819
1.363793003421635
2.759748462079376
2.0801489237323794
3.2128160533060743
0.9579281581839274
1.6203489539179605
1.402730392263038
1.3172387921391617
3.9006093447974113
0.2404331786188497
4.458074751912867
0.9442430080664823
0.12012358149185835
1.8225826969148144
2.075602024834476
1.6406869982929424
3.468668950019501
2.443189701172409
3.153154824895691
0.5439000581646686
0.5573065924859328
2.761348780301814
1.7356598850520437
1.0826655922198511
2.0700899658687844
3.472484508208047
0.157641526380119
0.812723773390682
2.9936255172147694
2.988927627828198
0.7538899950623431
3.756340398911268
2.382475119573018
2.614423424946405
1.6060720267902804
0.9290394047891327
2.241210347616472
2.2958044190194866
3.889518693575396
2.2820026826705053
2.1525827478802397
0.40891025119678864
5.410191406703666
3.181146485691073
1.5886737301217728
1.5239930528439167
2.0955524167203112
0.1512153961484483
2.1775370895328603
0.9136362882713639
1.3387887103184504
3.780076997910124
0.17031966037879756
1.259100230210383
2.4049238644641817
1.5714431784379188
4.328783544017597
4.478281120325986
1.427887704513238
2.69498403281008
3.1644429506838447
2.7861826897631836
1.05177455183929
0.6641352133921579
1.4313262405595957
1.0738999770542563
3.663119686784104
3.5876859561312533
4.584591699079321
3.8179236262250122
2.051713714745857
1.8507137385664745
3.4098426189305875
0.6748444818104294
2.14136886642501
3.4034358440161405
0.054050443467535035
0.23785718470079198
3.007024425056425
4.237565831882503
0.07062429045133359
2.3664381079487438
0.08711535710199479
3.242654588923558
0.30265128619363324
0.4651074067813927
1.8093126521337586
1.3762200169358694
3.4204970558889367
1.2741868817718967
1.9856146882913426
4.051229195092301
1.2919109883890905
2.1939325030472405
1.0132651081834587
1.4547458791643777
2.117054700660224
3.6621540901940173
1.4580094430378177
1.9195929315519369
1.4895137866317325
2.4897917373614153
0.2500571921441892
1.4919615885071558
3.4075426245835954
2.632952034436559
1.8773331247212977
3.9556690368594998
1.3133937385654677
1.175979415500891
3.208641921111814
1.666959230005603
0.5379711819208788
1.9603475337356628
3.177331561810432
0.5770291039404675
1.818865740358181
1.4297455316585528
4.195473412822225
7.064925973114231
2.9467445598673447
1.5511692900571297
1.024032492821969
1.3392956716368327
0.5650280271854228
1.8908423883670198
0.6837192712830816
2.1389006925557377
1.5491909371313597
2.148827490999728
3.3293735797499613
2.131258403670518
0.11623915727832573
3.069782005245233
0.6549824614688406
0.4551894297129925
1.742569362966829
1.1914316173901727
2.7749499507416338
1.0481578740430693
1.3834353954202763
1.248263672952439
2.736170716887383
2.8894324916437473
4.024789365804811
0.4342551521810594
2.151611811934075
1.603233783484891
2.2392858017306523
1.0123170707090676
2.533176799072843
0.6421521503955248
1.9862974341009407
2.821548402355628
4.447500224153183
7.138336465751486
1.579357990071629
2.036135449444893
1.746357663473377
1.131735494869933
0.8870918895720598
3.197320865476184
4.730387115016795
3.2612423604910665
1.234477470144961
0.4976724823622839
2.6004567737391255
3.0086133008271267
2.217609130316816
3.3208183430220775
2.507998792927274
0.6243334001230701
2.6694514008053924
0.5824619176351837
1.5871722924090652
1.7169506222126183
0.31144085661877285
4.642193866535206
4.141251371092438
1.8102456902916457
0.995195374231867
2.1118716398273274
1.0500109635976171
2.3641549411479748
6.508706105762142
2.253507778773259
1.4429401298898408
0.24068459647556845
4.334139738601457
1.5046044704934665
1.8085309904882916
2.119182806021237
2.1765433772698604
3.807159670522537
0.42161145265451333
1.8705909830777199
3.9724898963572195
3.5938550400592857
1.321721137867111
0.759999667016278
2.742759936455534
0.9128725782732219
1.0986371068314271
2.120331015536978
0.7070819085518422
2.1587827133422426
0.3509193983285309
4.725866475619138
3.7414802410790626
2.580755212471782
0.059442343683071115
2.928702252558013
4.1468295400364035
2.4659363282070097
3.0354420547811887
1.1240950477343636
1.256005096560731
2.863113302450073
0.948380207428572
3.6774418403207525
1.5568520449198153
3.295583140058203
1.5695197759074437
4.267209018877608
0.4723399610415804
0.7783104336436935
1.5205222705586037
1.6717845273479734
0.9878458859290428
1.520250125697767
2.4887398211977456
4.992129838419878
3.7869594040128427
4.024935355905074
0.2968464763970406
4.247891894642756
3.1587188704363
1.8677195532460045
0.26732098422924694
1.8505298777232058
3.289229494823052
2.401024593679908
4.320897501239303
4.022407988671298
1.7742559995213238
3.481550930921844
5.342863542807311
0.1455766511678954
3.9788251391262013
2.6175598201513037
2.4335524402643833
0.9850714334121864
4.819641436428574
3.8011036165529832
2.3757884591996414
4.051937256203907
2.0633305973184113
4.751884012670208
3.3027584707901014
1.0866053094119268
1.8191043074583848
1.4973353212150904
3.1215335361750425
0.8854455944612145
4.521125039101485
0.3929775114452489
4.353025563527301
6.540416749599184
1.2736933376421482
1.9523430232900567
1.4549384962446483
4.51467028529112
3.9312375699002478
3.865191777215821
5.534034240693989
1.8823020159134678
1.031670709258303
1.6015958960950023
3.5328272450554734
1.3843114962920409
0.5449934331443295
1.5514766969727798
3.6839042559826805
0.9735171898677848
1.2343597667082957
1.1731804611809407
4.391472269285632
4.539594110340666
3.184736819115157
0.49776185851365085
1.4041910109570523
3.46085543632048
2.500870600461673
2.724134001585469
2.322291049627895
1.163441697595294
1.2390886939717103
